0.33575
0.33560
0.33696
0.33669
0.33730
0.33815
0.33781
0.33665
0.33787
0.33793
0.33699
0.33623
0.33403
0.33346
0.33221
0.33038
0.32923
0.32598
0.32491
0.32360
0.32359
0.32434
0.32147
0.31718
0.31369
0.31105
0.30720
0.30574
0.30117
0.29927
0.29846
0.29675
0.29469
0.29300
0.29470
0.29375
0.29687
0.30027
0.29754
0.29871
0.29806
0.29780
0.29882
0.29599
0.29528
0.29278
0.29148
0.29073
0.29447
0.29498
0.29636
0.29323
0.29086
0.29046
0.29058
0.28626
0.28717
0.28683
0.28685
0.28641
0.28893
0.28946
0.29177
0.29868
0.30176
0.30087
0.30451
0.30698
0.31320
0.31503
0.31874
0.32234
0.32418
0.32521
0.32704
0.32786
0.33048
0.32958
0.33068
0.33148
0.33360
0.33326
0.33432
0.33455
0.33537
0.33472
0.33562
0.33417
0.33317
0.33248
0.33151
0.33144
0.33608
0.33670
0.33696
0.33661
0.33773
0.33728
0.33696
0.33731
0.33607
0.33658
0.33524
0.33410
0.33188
0.33092
0.32910
0.32649
0.32520
0.32375
0.32147
0.31872
0.31796
0.31902
0.31470
0.31284
0.30794
0.30396
0.30134
0.30014
0.29626
0.29653
0.29638
0.29669
0.29464
0.29662
0.29894
0.29964
0.30137
0.30518
0.30426
0.30202
0.30209
0.30337
0.30200
0.30061
0.29992
0.29834
0.29624
0.29566
0.29502
0.29247
0.29775
0.29372
0.29129
0.28856
0.28768
0.28637
0.28627
0.28468
0.28379
0.28446
0.28539
0.28520
0.28626
0.29159
0.29453
0.29474
0.29671
0.30243
0.30664
0.30955
0.31345
0.31641
0.32061
0.32076
0.32340
0.32429
0.32787
0.32824
0.32784
0.32966
0.33191
0.33250
0.33177
0.33354
0.33459
0.33456
0.33559
0.33511
0.33427
0.33365
0.33284
0.33241
0.33701
0.33655
0.33749
0.33748
0.33761
0.33640
0.33712
0.33643
0.33557
0.33491
0.33272
0.33144
0.32913
0.32681
0.32517
0.32583
0.32177
0.31702
0.31595
0.31395
0.31325
0.30969
0.30825
0.30504
0.30030
0.30001
0.29932
0.29779
0.29675
0.29791
0.30032
0.30135
0.30442
0.30482
0.30486
0.30398
0.30837
0.30993
0.30910
0.30961
0.30985
0.30998
0.31006
0.30783
0.30702
0.30468
0.30522
0.30155
0.30020
0.29804
0.29807
0.29745
0.29314
0.29145
0.28786
0.28975
0.28771
0.28750
0.28424
0.28365
0.28661
0.28683
0.28489
0.28492
0.28887
0.29007
0.29367
0.29518
0.30019
0.30104
0.30820
0.31198
0.31650
0.31891
0.32029
0.31992
0.32475
0.32792
0.32653
0.32853
0.33081
0.33070
0.33027
0.33231
0.33399
0.33463
0.33379
0.33635
0.33541
0.33289
0.33434
0.33333
0.33640
0.33646
0.33689
0.33690
0.33591
0.33633
0.33638
0.33484
0.33388
0.33323
0.33034
0.32719
0.32564
0.32475
0.32329
0.32226
0.31668
0.31191
0.31158
0.30917
0.31066
0.30355
0.29956
0.29753
0.29870
0.29738
0.30011
0.29918
0.30241
0.30401
0.30791
0.31266
0.31440
0.31413
0.31639
0.31799
0.31643
0.31728
0.31839
0.31909
0.31869
0.31601
0.31558
0.31525
0.31601
0.31501
0.31206
0.30993
0.30693
0.30644
0.30488
0.29879
0.29980
0.29891
0.29861
0.29343
0.29291
0.29370
0.28990
0.28990
0.28569
0.28790
0.28498
0.28145
0.28397
0.28601
0.28679
0.28802
0.29169
0.29570
0.30132
0.30483
0.30948
0.31424
0.31562
0.31622
0.31841
0.32128
0.32299
0.32795
0.32897
0.32885
0.32875
0.33010
0.33276
0.33333
0.33471
0.33512
0.33499
0.33420
0.33401
0.33338
0.33734
0.33722
0.33651
0.33643
0.33484
0.33555
0.33451
0.33336
0.33069
0.33090
0.32724
0.32332
0.32230
0.31889
0.31743
0.31201
0.31064
0.30732
0.30657
0.30210
0.30193
0.29913
0.29472
0.29594
0.29785
0.29995
0.30250
0.30828
0.31307
0.31604
0.31956
0.32186
0.32299
0.32599
0.32722
0.32820
0.32649
0.32729
0.32496
0.32493
0.32773
0.32315
0.32252
0.32033
0.32230
0.32255
0.32225
0.31843
0.31686
0.31639
0.31135
0.30748
0.30948
0.30695
0.30614
0.30127
0.29781
0.29485
0.29655
0.29220
0.28969
0.28695
0.28754
0.28291
0.28150
0.28240
0.28090
0.28405
0.28431
0.28982
0.29512
0.30068
0.30352
0.30786
0.30895
0.31290
0.31516
0.31455
0.31747
0.32128
0.32632
0.32870
0.32814
0.32870
0.32972
0.33151
0.33246
0.33384
0.33597
0.33541
0.33426
0.33419
0.33706
0.33829
0.33717
0.33575
0.33571
0.33277
0.33275
0.33040
0.32655
0.32547
0.32164
0.31977
0.31847
0.31375
0.31230
0.30942
0.30703
0.30343
0.30390
0.30067
0.29903
0.29786
0.29556
0.29920
0.30237
0.30670
0.31577
0.32215
0.32687
0.32969
0.33056
0.33474
0.33761
0.33707
0.33585
0.33563
0.33541
0.33545
0.33395
0.33249
0.33222
0.33366
0.33284
0.32855
0.32730
0.32801
0.32867
0.32600
0.32767
0.32594
0.32282
0.31932
0.31866
0.31707
0.31372
0.31083
0.30564
0.30237
0.30119
0.29811
0.29863
0.29363
0.29061
0.28637
0.28357
0.28328
0.28006
0.28133
0.28439
0.28721
0.28829
0.29212
0.29678
0.30063
0.30085
0.30546
0.31084
0.31365
0.31081
0.31634
0.32209
0.32580
0.32674
0.32640
0.32847
0.32975
0.33078
0.33273
0.33448
0.33519
0.33430
0.33436
0.33741
0.33789
0.33590
0.33537
0.33456
0.33089
0.32811
0.32748
0.32284
0.31831
0.31705
0.31519
0.31366
0.31067
0.30881
0.30433
0.30055
0.29964
0.30163
0.30021
0.29897
0.29799
0.30212
0.30798
0.31409
0.31974
0.32767
0.33300
0.33768
0.33706
0.34136
0.34475
0.34466
0.34449
0.34481
0.34386
0.34188
0.34060
0.34138
0.34116
0.33938
0.33888
0.33766
0.33506
0.33835
0.33914
0.33904
0.33609
0.33743
0.33717
0.33468
0.32807
0.32761
0.32504
0.32298
0.32093
0.31848
0.31543
0.31025
0.30849
0.30857
0.30324
0.30105
0.29281
0.28759
0.28762
0.28363
0.28026
0.28070
0.28408
0.28466
0.28547
0.28750
0.29179
0.29364
0.29773
0.30143
0.30651
0.30749
0.31035
0.31617
0.32247
0.32418
0.32490
0.32712
0.32801
0.32919
0.33049
0.33321
0.33413
0.33475
0.33466
0.33724
0.33811
0.33595
0.33374
0.33344
0.32916
0.32675
0.32213
0.31925
0.31591
0.31168
0.31093
0.30868
0.30500
0.30154
0.29739
0.29854
0.30004
0.30225
0.30105
0.30398
0.30548
0.31697
0.32223
0.32889
0.33544
0.33987
0.34204
0.34505
0.34696
0.34858
0.35122
0.35053
0.35109
0.35091
0.35159
0.34925
0.34930
0.34890
0.35070
0.35157
0.35004
0.34976
0.34463
0.34566
0.34930
0.34882
0.34759
0.34624
0.34374
0.34312
0.33934
0.33870
0.33419
0.33198
0.33155
0.33289
0.32822
0.32340
0.31951
0.31422
0.31198
0.30986
0.30425
0.29619
0.29146
0.29012
0.28735
0.28355
0.28191
0.28143
0.28181
0.28021
0.28323
0.28665
0.28929
0.29458
0.29925
0.30483
0.30554
0.31110
0.31923
0.32045
0.32332
0.32419
0.32739
0.32808
0.32761
0.33027
0.33394
0.33471
0.33469
0.33758
0.33680
0.33471
0.33277
0.33084
0.32805
0.32339
0.31968
0.31474
0.31138
0.30994
0.30796
0.30652
0.30037
0.29675
0.29811
0.29921
0.29976
0.30677
0.31033
0.31583
0.32259
0.33172
0.33608
0.34028
0.34506
0.35099
0.35423
0.35425
0.35647
0.35820
0.36064
0.36224
0.36002
0.35905
0.35821
0.35950
0.35934
0.35630
0.36170
0.36261
0.36114
0.35708
0.35794
0.35646
0.35720
0.35597
0.35618
0.35622
0.35244
0.35049
0.34971
0.34945
0.34646
0.34351
0.34234
0.34046
0.33716
0.33595
0.33427
0.32539
0.32105
0.31806
0.31396
0.31024
0.30075
0.29675
0.29393
0.29181
0.28655
0.28546
0.28205
0.27877
0.27904
0.28190
0.28513
0.28637
0.29299
0.29703
0.30315
0.30500
0.31192
0.31900
0.31973
0.32229
0.32522
0.32567
0.32844
0.32815
0.33047
0.33512
0.33440
0.33842
0.33525
0.33251
0.33135
0.32821
0.32474
0.31723
0.31661
0.31239
0.30704
0.30727
0.30596
0.30269
0.29936
0.29750
0.29819
0.30181
0.30709
0.31626
0.32180
0.33207
0.33775
0.34596
0.34760
0.35086
0.35390
0.35831
0.36066
0.36184
0.36370
0.36730
0.37015
0.36900
0.36956
0.36538
0.36714
0.36975
0.36768
0.36904
0.36975
0.37145
0.37234
0.36892
0.36907
0.36919
0.37089
0.36905
0.36676
0.36782
0.36450
0.36347
0.35995
0.35926
0.35679
0.35684
0.35352
0.34847
0.34681
0.34720
0.34349
0.33793
0.33475
0.32774
0.32417
0.32149
0.31454
0.30805
0.30173
0.29989
0.29169
0.29147
0.28524
0.28025
0.27486
0.27552
0.27869
0.28107
0.28625
0.29069
0.29434
0.29974
0.30458
0.31156
0.31684
0.31674
0.32174
0.32278
0.32721
0.32923
0.32999
0.33325
0.33372
0.33729
0.33290
0.33129
0.32934
0.32508
0.31855
0.31513
0.31326
0.31074
0.30431
0.30366
0.30119
0.29848
0.29744
0.29932
0.30043
0.30657
0.31759
0.32589
0.33352
0.34270
0.34982
0.35596
0.35780
0.36069
0.36466
0.36462
0.36604
0.36961
0.37410
0.37331
0.37790
0.37814
0.37657
0.37516
0.37710
0.37874
0.37999
0.38053
0.38017
0.38181
0.38252
0.38337
0.38135
0.37963
0.38167
0.38077
0.37876
0.37939
0.37911
0.37560
0.37261
0.37017
0.37090
0.36797
0.36349
0.35978
0.35620
0.35432
0.35314
0.34963
0.34427
0.34134
0.33521
0.33194
0.32458
0.31729
0.31246
0.30650
0.30224
0.29560
0.29304
0.28667
0.27597
0.27373
0.27442
0.27576
0.27980
0.28380
0.28833
0.29209
0.29768
0.30503
0.31156
0.31455
0.31904
0.32081
0.32447
0.32923
0.32986
0.33021
0.33159
0.33556
0.33183
0.32918
0.32588
0.31918
0.31436
0.31114
0.30719
0.30393
0.30041
0.29659
0.29658
0.29744
0.30032
0.30114
0.30754
0.31825
0.32739
0.33365
0.34245
0.34861
0.35514
0.35935
0.36644
0.37301
0.37617
0.37811
0.37897
0.38197
0.38615
0.38533
0.38754
0.39044
0.38766
0.38989
0.39009
0.39393
0.39284
0.39242
0.39213
0.39397
0.39521
0.39328
0.39381
0.39239
0.39052
0.39281
0.39232
0.39059
0.39057
0.38836
0.38480
0.38255
0.38397
0.38027
0.37930
0.37318
0.36920
0.36494
0.36314
0.36025
0.35505
0.35049
0.34642
0.34013
0.33488
0.32829
0.32179
0.31563
0.30713
0.30276
0.29765
0.29232
0.28409
0.27523
0.27159
0.27524
0.27475
0.27562
0.28009
0.28350
0.29100
0.29766
0.30300
0.30826
0.31518
0.31801
0.32272
0.32548
0.32887
0.32907
0.33289
0.33401
0.33037
0.32648
0.31907
0.31520
0.30927
0.30511
0.29986
0.29839
0.29373
0.29272
0.29507
0.29715
0.30012
0.30691
0.31609
0.32788
0.33572
0.34568
0.35503
0.36214
0.36301
0.37047
0.37685
0.38171
0.38536
0.38923
0.39314
0.39450
0.39496
0.39522
0.39893
0.40196
0.40038
0.40071
0.40405
0.40612
0.40734
0.40497
0.40555
0.40714
0.40934
0.40589
0.40650
0.40578
0.40457
0.40428
0.40645
0.40379
0.40399
0.40349
0.40078
0.39626
0.39668
0.39378
0.39398
0.38752
0.38119
0.37755
0.37488
0.37133
0.36207
0.35969
0.35655
0.35018
0.34507
0.33858
0.33335
0.32434
0.31831
0.31105
0.30399
0.29733
0.29276
0.28144
0.27258
0.27373
0.27262
0.27337
0.27196
0.27689
0.28303
0.29173
0.29774
0.30324
0.31011
0.31349
0.31928
0.32174
0.32652
0.32955
0.33162
0.32996
0.32782
0.32195
0.31611
0.31050
0.30483
0.29837
0.29564
0.29173
0.28929
0.29213
0.29525
0.29850
0.30083
0.31702
0.32335
0.33378
0.34541
0.35645
0.36219
0.36693
0.37296
0.38024
0.38708
0.39199
0.39559
0.39762
0.40286
0.40381
0.40715
0.40753
0.41233
0.41311
0.41140
0.41338
0.41651
0.42005
0.41978
0.41859
0.41801
0.42058
0.42418
0.42219
0.42239
0.42323
0.41966
0.41844
0.42011
0.41950
0.41624
0.41537
0.41538
0.41115
0.40998
0.40702
0.40649
0.40020
0.39781
0.39270
0.38749
0.38751
0.37745
0.37391
0.36668
0.36134
0.35657
0.34933
0.34147
0.33515
0.32948
0.31965
0.31148
0.30279
0.29917
0.28883
0.27826
0.27126
0.27033
0.27042
0.26940
0.27232
0.27615
0.28317
0.29078
0.29894
0.30459
0.30910
0.31476
0.31899
0.32151
0.32792
0.33025
0.32714
0.32557
0.31651
0.31119
0.30537
0.29779
0.29262
0.29132
0.28886
0.28926
0.28821
0.29340
0.30000
0.31035
0.32394
0.33468
0.34455
0.35412
0.36364
0.37093
0.37625
0.38471
0.39173
0.39795
0.40403
0.40865
0.41289
0.41517
0.41770
0.42073
0.42005
0.42441
0.42573
0.42555
0.42860
0.43095
0.43287
0.43331
0.43255
0.43450
0.43650
0.43774
0.43721
0.43786
0.43887
0.43681
0.43345
0.43432
0.43369
0.43112
0.42785
0.42777
0.42523
0.42130
0.41896
0.41654
0.41281
0.41006
0.40770
0.40277
0.39868
0.39345
0.39032
0.38029
0.37034
0.36583
0.36026
0.35146
0.34361
0.33722
0.32950
0.32110
0.31043
0.30095
0.29573
0.28550
0.27662
0.27143
0.26862
0.26723
0.26857
0.26890
0.27756
0.28464
0.29113
0.29942
0.30584
0.31055
0.31586
0.31662
0.32302
0.32711
0.32567
0.32081
0.31309
0.30454
0.29953
0.29003
0.28715
0.28650
0.28585
0.28618
0.28869
0.29656
0.30762
0.32159
0.33448
0.34397
0.35519
0.36467
0.37487
0.37992
0.38820
0.39579
0.40323
0.40865
0.41734
0.42247
0.42786
0.43247
0.43512
0.43630
0.43817
0.44093
0.44466
0.44382
0.44571
0.44956
0.44888
0.45133
0.45070
0.45073
0.45136
0.44933
0.45002
0.45096
0.45241
0.45345
0.45026
0.44722
0.44661
0.44607
0.44316
0.44199
0.43821
0.43580
0.43187
0.42886
0.42669
0.42444
0.42134
0.41952
0.41226
0.40783
0.40153
0.39585
0.38287
0.37609
0.37144
0.36331
0.35591
0.34908
0.33737
0.33079
0.31951
0.30763
0.30217
0.29322
0.28196
0.27639
0.26638
0.26502
0.26487
0.26229
0.26824
0.27850
0.28525
0.29155
0.30164
0.30475
0.31144
0.31346
0.31777
0.32338
0.32423
0.31515
0.30634
0.30125
0.29030
0.28579
0.28169
0.28220
0.28430
0.28299
0.29453
0.30487
0.31810
0.33064
0.34486
0.35441
0.36481
0.37785
0.38557
0.39085
0.39730
0.40739
0.41828
0.42294
0.43252
0.43799
0.44353
0.44591
0.45126
0.45179
0.45355
0.45776
0.46165
0.46022
0.46250
0.46813
0.46722
0.46799
0.46825
0.46863
0.46807
0.46563
0.46295
0.46332
0.46477
0.46450
0.46360
0.46277
0.46116
0.46006
0.45848
0.45671
0.45299
0.45215
0.45124
0.44651
0.44202
0.43838
0.43503
0.43245
0.42602
0.42210
0.41657
0.40935
0.40118
0.39175
0.38483
0.37731
0.36730
0.36118
0.34802
0.33733
0.33065
0.31916
0.30749
0.29856
0.28806
0.27952
0.26983
0.26315
0.26263
0.25938
0.26138
0.27073
0.27794
0.28687
0.29333
0.29986
0.30551
0.31100
0.31479
0.32082
0.32145
0.31079
0.30027
0.29463
0.28685
0.28322
0.27988
0.28016
0.28084
0.28840
0.30184
0.31620
0.32620
0.34211
0.35453
0.36679
0.37797
0.39088
0.39506
0.40264
0.41069
0.42393
0.43093
0.44070
0.44779
0.45312
0.45813
0.45945
0.46496
0.46660
0.47086
0.47628
0.47856
0.47844
0.48002
0.48513
0.48672
0.48702
0.48377
0.48433
0.48244
0.47992
0.47916
0.48026
0.48280
0.47966
0.47753
0.47880
0.47570
0.47390
0.47256
0.47026
0.47004
0.46925
0.46736
0.46401
0.45808
0.45535
0.44975
0.44537
0.44134
0.43509
0.43111
0.42421
0.41590
0.40587
0.39639
0.38911
0.38043
0.37343
0.36193
0.34969
0.34023
0.32782
0.31866
0.30124
0.29461
0.28620
0.27198
0.26413
0.26066
0.25725
0.25675
0.26368
0.27188
0.27912
0.28661
0.29292
0.30011
0.30710
0.31280
0.31731
0.31637
0.30600
0.29646
0.28852
0.28488
0.27857
0.27715
0.27728
0.28324
0.29301
0.30730
0.32076
0.33507
0.35227
0.36338
0.37694
0.38733
0.39764
0.40631
0.41570
0.42726
0.43929
0.44615
0.45655
0.46151
0.46836
0.47323
0.47453
0.48004
0.48496
0.48998
0.49035
0.49196
0.49448
0.49744
0.50027
0.50203
0.50260
0.49820
0.49676
0.49617
0.49587
0.49536
0.49815
0.49915
0.49625
0.49365
0.49395
0.49181
0.49039
0.48850
0.48452
0.48401
0.48398
0.48057
0.47725
0.47134
0.46950
0.46519
0.46040
0.45593
0.45060
0.44399
0.43863
0.43334
0.42331
0.41258
0.40541
0.39398
0.38731
0.37638
0.36131
0.35068
0.33482
0.32507
0.31256
0.29768
0.28912
0.27734
0.26900
0.26183
0.25914
0.25626
0.25871
0.26753
0.27398
0.28075
0.28656
0.29440
0.30189
0.30935
0.31384
0.31215
0.30171
0.29272
0.28212
0.27918
0.27510
0.27329
0.27739
0.28794
0.29890
0.31284
0.32665
0.34396
0.35913
0.37366
0.38206
0.39650
0.40807
0.41880
0.43146
0.44085
0.45164
0.46105
0.46910
0.47551
0.48212
0.48783
0.49120
0.49755
0.50270
0.50492
0.50594
0.50783
0.51001
0.51348
0.51324
0.51318
0.51448
0.51118
0.51224
0.50984
0.51116
0.51301
0.51448
0.51483
0.51221
0.51055
0.50838
0.50645
0.50504
0.50497
0.50130
0.49912
0.49757
0.49654
0.49240
0.48789
0.48524
0.48025
0.47698
0.47202
0.46457
0.45923
0.45289
0.44735
0.43713
0.42703
0.41827
0.41011
0.39976
0.39018
0.37482
0.36414
0.34976
0.33201
0.32237
0.30784
0.29344
0.28352
0.27388
0.26447
0.25953
0.25810
0.25461
0.26102
0.27007
0.27756
0.28359
0.29021
0.29757
0.30418
0.31114
0.30825
0.29721
0.28406
0.27681
0.27084
0.27174
0.26942
0.27844
0.28898
0.30380
0.32072
0.33481
0.35350
0.36745
0.37922
0.39179
0.40573
0.41902
0.43125
0.44443
0.45402
0.46623
0.47437
0.48043
0.48846
0.49478
0.49973
0.50579
0.51135
0.51584
0.51805
0.52195
0.52518
0.52654
0.52889
0.52851
0.52737
0.53053
0.52900
0.52787
0.52597
0.52860
0.52978
0.53175
0.52901
0.52612
0.52379
0.52384
0.52162
0.52101
0.52030
0.51787
0.51417
0.51225
0.50959
0.50816
0.50465
0.49820
0.49755
0.49253
0.48838
0.48048
0.47240
0.46530
0.45822
0.45019
0.44100
0.43240
0.42195
0.41319
0.40231
0.38755
0.37448
0.36267
0.34491
0.32908
0.31596
0.30197
0.29092
0.27961
0.26822
0.26385
0.25865
0.25328
0.25447
0.26395
0.27539
0.28117
0.28592
0.29529
0.29864
0.30326
0.30390
0.29028
0.27669
0.26653
0.26431
0.26379
0.26962
0.27796
0.29065
0.31181
0.32789
0.34242
0.36018
0.37300
0.38747
0.40550
0.41953
0.43190
0.44552
0.45833
0.46762
0.47721
0.48648
0.49417
0.50295
0.51007
0.51463
0.51900
0.52698
0.53123
0.53447
0.53796
0.54012
0.54258
0.54267
0.54370
0.54168
0.54484
0.54468
0.54333
0.54328
0.54361
0.54479
0.54520
0.54391
0.54130
0.53816
0.53744
0.53842
0.53531
0.53512
0.53272
0.52846
0.52760
0.52494
0.52275
0.51749
0.51228
0.51068
0.50749
0.50166
0.49527
0.48633
0.47725
0.47007
0.46391
0.45457
0.44473
0.43568
0.42432
0.41199
0.40014
0.38576
0.37131
0.35751
0.33773
0.32427
0.30945
0.29908
0.28480
0.27366
0.26895
0.26085
0.25405
0.25368
0.25944
0.26972
0.27554
0.28425
0.29178
0.29542
0.29958
0.30145
0.28588
0.27132
0.26084
0.25584
0.25729
0.27036
0.28231
0.29924
0.31865
0.33296
0.35130
0.36672
0.38362
0.40041
0.41817
0.43268
0.44608
0.46200
0.47346
0.48245
0.49054
0.50374
0.51053
0.51973
0.52320
0.53093
0.53679
0.54178
0.54705
0.54848
0.55291
0.55499
0.55793
0.55970
0.56027
0.56031
0.55928
0.56019
0.56271
0.56084
0.56044
0.55887
0.55931
0.55731
0.55808
0.55566
0.55470
0.55340
0.54964
0.54838
0.54692
0.54226
0.54029
0.54155
0.53671
0.53028
0.52808
0.52431
0.52052
0.51536
0.50839
0.50135
0.49290
0.48455
0.47624
0.46845
0.45752
0.44824
0.43680
0.42252
0.41001
0.39688
0.38342
0.36640
0.34995
0.33248
0.31949
0.30203
0.28958
0.27942
0.27235
0.26252
0.25804
0.25252
0.25612
0.26519
0.27288
0.28141
0.29029
0.29634
0.29938
0.29569
0.27844
0.26538
0.25425
0.25023
0.25965
0.27163
0.28420
0.30323
0.32147
0.33943
0.35814
0.37564
0.39362
0.41100
0.43103
0.44553
0.46076
0.47549
0.48844
0.49658
0.50915
0.52005
0.52616
0.53344
0.53977
0.54878
0.55423
0.55910
0.56401
0.56477
0.56782
0.57019
0.57475
0.57763
0.57778
0.57692
0.57539
0.57707
0.57833
0.57712
0.57616
0.57602
0.57574
0.57469
0.57224
0.57185
0.57024
0.56819
0.56728
0.56504
0.56156
0.55718
0.55510
0.55599
0.55170
0.54578
0.54186
0.53899
0.53427
0.53050
0.52269
0.51489
0.50821
0.49958
0.49056
0.48114
0.47241
0.46078
0.44843
0.43574
0.42171
0.40631
0.39381
0.37519
0.36013
0.34355
0.32697
0.31083
0.29495
0.28738
0.27674
0.26714
0.26030
0.25488
0.25514
0.25973
0.26854
0.27872
0.28736
0.29394
0.29796
0.28942
0.27197
0.25576
0.25210
0.24835
0.25947
0.27196
0.28576
0.30613
0.32919
0.34709
0.36579
0.38796
0.40628
0.42508
0.44571
0.46151
0.47561
0.48969
0.50204
0.51311
0.52642
0.53456
0.54304
0.55227
0.55877
0.56675
0.57274
0.57577
0.58072
0.58193
0.58501
0.58810
0.59106
0.59396
0.59487
0.59621
0.59542
0.59405
0.59485
0.59333
0.59316
0.59241
0.59206
0.59118
0.58822
0.58960
0.58598
0.58377
0.58435
0.58195
0.57665
0.57437
0.57079
0.56826
0.56590
0.55996
0.55653
0.55258
0.54982
0.54513
0.53827
0.52858
0.52222
0.51285
0.50337
0.49370
0.48702
0.47296
0.46062
0.44900
0.43390
0.41766
0.40302
0.38505
0.36645
0.35309
0.33745
0.31935
0.30336
0.29251
0.28314
0.27308
0.26043
0.25469
0.25511
0.25533
0.26269
0.27705
0.28298
0.29094
0.29476
0.28321
0.26267
0.25165
0.24970
0.24724
0.25954
0.27467
0.29256
0.31420
0.33746
0.35446
0.37541
0.39833
0.41579
0.43734
0.45781
0.47337
0.49079
0.50327
0.51911
0.53280
0.54327
0.55200
0.56044
0.56798
0.57527
0.58224
0.58696
0.59173
0.59825
0.60116
0.60208
0.60721
0.60900
0.61136
0.61294
0.61262
0.61154
0.61165
0.61050
0.61016
0.61067
0.60850
0.60792
0.60559
0.60481
0.60492
0.60152
0.60084
0.59848
0.59602
0.59202
0.58909
0.58585
0.58146
0.57950
0.57558
0.57016
0.56568
0.56377
0.55928
0.55312
0.54341
0.53734
0.52705
0.51798
0.50641
0.50016
0.48843
0.47293
0.46134
0.44668
0.43046
0.41578
0.39659
0.37397
0.36183
0.34529
0.32847
0.31266
0.29723
0.28465
0.27774
0.26624
0.25183
0.25119
0.25338
0.26034
0.27289
0.27767
0.28690
0.29443
0.27288
0.25553
0.24694
0.24583
0.24966
0.26071
0.27952
0.29512
0.31892
0.34055
0.36476
0.38520
0.40551
0.42698
0.45066
0.46923
0.48711
0.50626
0.52020
0.53624
0.54875
0.55884
0.56687
0.57516
0.58232
0.59023
0.59595
0.60076
0.60741
0.61321
0.61536
0.61655
0.62144
0.62472
0.62622
0.62690
0.62691
0.62731
0.62708
0.62460
0.62589
0.62399
0.62358
0.62335
0.62060
0.61890
0.61816
0.61722
0.61650
0.61388
0.60903
0.60736
0.60309
0.59881
0.59578
0.59154
0.58706
0.58204
0.57952
0.57473
0.57120
0.56564
0.55713
0.55084
0.54206
0.53237
0.52092
0.51153
0.50063
0.48783
0.47299
0.45964
0.44186
0.42607
0.40784
0.38663
0.37043
0.35458
0.33704
0.32149
0.30227
0.28822
0.27597
0.27141
0.25423
0.24901
0.24934
0.25675
0.26919
0.27692
0.28154
0.29311
0.26527
0.24870
0.24326
0.24324
0.25032
0.26322
0.28278
0.30047
0.32499
0.34591
0.37176
0.39171
0.41346
0.43842
0.46171
0.48012
0.50080
0.52080
0.53560
0.54863
0.56110
0.57052
0.57985
0.58820
0.59596
0.60179
0.60817
0.61354
0.62023
0.62231
0.62524
0.62982
0.63334
0.63469
0.63707
0.63948
0.64119
0.64154
0.64150
0.63908
0.63808
0.63734
0.63636
0.63640
0.63599
0.63389
0.63121
0.62992
0.62945
0.62793
0.62343
0.62108
0.61735
0.61191
0.60670
0.60329
0.59844
0.59532
0.59048
0.58541
0.58003
0.57619
0.56989
0.56199
0.55597
0.54635
0.53475
0.52363
0.51432
0.50203
0.48748
0.47057
0.45421
0.43577
0.41733
0.39651
0.37771
0.36299
0.34417
0.33071
0.30812
0.29049
0.27863
0.26836
0.25712
0.25003
0.24624
0.25158
0.26430
0.27498
0.27864
0.28883
0.25949
0.24412
0.23957
0.24272
0.25268
0.26645
0.28475
0.30612
0.32810
0.35178
0.37466
0.39917
0.42393
0.44909
0.47320
0.49285
0.51335
0.53438
0.54710
0.56022
0.57314
0.58205
0.59029
0.59849
0.60656
0.61480
0.61923
0.62387
0.62681
0.63117
0.63662
0.64019
0.64360
0.64367
0.64722
0.65056
0.65190
0.65188
0.65069
0.65151
0.65077
0.64978
0.64928
0.64734
0.64683
0.64642
0.64380
0.64115
0.64033
0.63801
0.63565
0.63066
0.62687
0.62330
0.61776
0.61403
0.61053
0.60648
0.60202
0.59694
0.59209
0.58688
0.57920
0.57446
0.56610
0.55947
0.54814
0.53696
0.52554
0.51290
0.49873
0.48372
0.46493
0.44543
0.42826
0.40726
0.38555
0.37030
0.35400
0.33496
0.31931
0.29591
0.28252
0.26981
0.25855
0.24958
0.24786
0.24905
0.25976
0.27098
0.27748
0.28481
0.25481
0.24312
0.23743
0.24060
0.24775
0.26852
0.28712
0.30823
0.33238
0.35372
0.37832
0.40569
0.43201
0.45949
0.48343
0.50503
0.52536
0.54165
0.55633
0.56996
0.58287
0.59171
0.59880
0.60928
0.61583
0.62144
0.62440
0.62868
0.63258
0.63810
0.64269
0.64606
0.64916
0.65056
0.65341
0.65732
0.65839
0.65993
0.65967
0.65905
0.66032
0.65956
0.65867
0.65584
0.65700
0.65473
0.65414
0.65050
0.65042
0.64702
0.64410
0.64076
0.63862
0.63270
0.62787
0.62301
0.62067
0.61592
0.61136
0.60529
0.60103
0.59570
0.58804
0.58435
0.57744
0.56961
0.56033
0.54821
0.53643
0.52231
0.50610
0.49440
0.47545
0.45508
0.43635
0.41678
0.39381
0.37780
0.35955
0.33893
0.32581
0.30602
0.28409
0.26960
0.25921
0.24861
0.24562
0.24657
0.25484
0.26594
0.27534
0.28234
0.25456
0.24208
0.23600
0.23865
0.24979
0.27057
0.28789
0.31106
0.33138
0.35415
0.38087
0.41040
0.44153
0.46686
0.49160
0.51454
0.53363
0.54979
0.56474
0.58032
0.59113
0.60081
0.61114
0.61716
0.62063
0.62369
0.62865
0.63278
0.63898
0.64282
0.64619
0.64997
0.65230
0.65442
0.65792
0.66082
0.66208
0.66447
0.66575
0.66546
0.66656
0.66634
0.66623
0.66406
0.66402
0.66193
0.66132
0.65904
0.65785
0.65426
0.65270
0.64823
0.64575
0.64014
0.63419
0.62998
0.62533
0.62169
0.61711
0.61156
0.60712
0.60205
0.59522
0.59079
0.58463
0.57675
0.56761
0.55875
0.54443
0.52957
0.51550
0.50233
0.48309
0.46406
0.44406
0.42590
0.40267
0.38491
0.36679
0.34466
0.33064
0.31410
0.28948
0.27177
0.25769
0.24838
0.24557
0.24530
0.25030
0.25883
0.27308
0.28155
0.25344
0.24205
0.23489
0.24149
0.25128
0.27192
0.28935
0.31083
0.33219
0.35624
0.38564
0.41838
0.44840
0.47295
0.49696
0.52406
0.54015
0.55669
0.57094
0.58657
0.59781
0.60913
0.61779
0.61867
0.62207
0.62645
0.63127
0.63585
0.64105
0.64396
0.64912
0.65146
0.65304
0.65807
0.66085
0.66270
0.66378
0.66668
0.66915
0.67036
0.66935
0.67102
0.67161
0.67006
0.66811
0.66977
0.66717
0.66555
0.66340
0.65976
0.65740
0.65256
0.64664
0.64225
0.63773
0.63527
0.62995
0.62488
0.62032
0.61699
0.61154
0.60539
0.59845
0.59424
0.58933
0.58154
0.57254
0.56289
0.55227
0.53836
0.52281
0.50962
0.49196
0.46988
0.45136
0.43203
0.40877
0.38959
0.37409
0.34953
0.33016
0.31755
0.29465
0.27388
0.25846
0.24709
0.24819
0.24512
0.24594
0.25521
0.26988
0.28031
0.25308
0.24040
0.23488
0.24011
0.25444
0.27151
0.29010
0.30941
0.33163
0.36052
0.39066
0.42273
0.45170
0.47904
0.50477
0.52864
0.54472
0.56038
0.57575
0.58965
0.60273
0.61201
0.61711
0.61771
0.62222
0.62648
0.63033
0.63533
0.63939
0.64322
0.64712
0.64958
0.65078
0.65669
0.66026
0.66316
0.66540
0.66901
0.66979
0.67217
0.67192
0.67127
0.67288
0.67434
0.67363
0.67300
0.67139
0.66849
0.66526
0.66361
0.65922
0.65634
0.65116
0.64610
0.64192
0.63867
0.63442
0.62768
0.62354
0.61770
0.61329
0.60703
0.60044
0.59600
0.58827
0.58157
0.57552
0.56633
0.55734
0.54446
0.53058
0.51487
0.49828
0.47843
0.45642
0.43661
0.41437
0.39256
0.37694
0.35374
0.33185
0.31879
0.29722
0.27491
0.25904
0.24668
0.24567
0.24659
0.24389
0.25096
0.26544
0.27577
0.25070
0.23831
0.23578
0.24123
0.25570
0.27042
0.28946
0.30945
0.33257
0.36001
0.39440
0.42386
0.45661
0.48459
0.50999
0.53191
0.54720
0.56477
0.57989
0.59379
0.60606
0.61283
0.61603
0.61835
0.61938
0.62310
0.62652
0.63314
0.63578
0.63994
0.64415
0.64598
0.64972
0.65388
0.65796
0.65998
0.66269
0.66540
0.66741
0.67004
0.67145
0.67240
0.67367
0.67296
0.67468
0.67416
0.67304
0.66906
0.66723
0.66616
0.66213
0.65844
0.65291
0.64814
0.64251
0.63881
0.63285
0.62833
0.62189
0.61625
0.61365
0.60887
0.60144
0.59573
0.58760
0.57913
0.57436
0.56595
0.55586
0.54659
0.53488
0.52085
0.50420
0.48597
0.46258
0.44125
0.41706
0.39886
0.37997
0.35656
0.33390
0.31680
0.29937
0.27457
0.26231
0.24628
0.24028
0.24526
0.24479
0.24895
0.26069
0.27287
0.24847
0.23915
0.23789
0.24310
0.25335
0.26764
0.28712
0.31004
0.33333
0.36078
0.39859
0.43033
0.46160
0.48807
0.51547
0.53549
0.55114
0.56836
0.58234
0.59519
0.60245
0.60775
0.61257
0.61432
0.61594
0.61838
0.62704
0.62900
0.63225
0.63746
0.64000
0.64279
0.64472
0.64800
0.65180
0.65584
0.65801
0.65939
0.66295
0.66535
0.66805
0.67111
0.67205
0.67253
0.67298
0.67372
0.67320
0.66915
0.66654
0.66655
0.66332
0.65828
0.65340
0.64627
0.64076
0.63607
0.63023
0.62675
0.61955
0.61413
0.60934
0.60607
0.59953
0.59623
0.58978
0.57973
0.57407
0.56743
0.55763
0.54628
0.53696
0.52355
0.50612
0.49022
0.46985
0.44659
0.42071
0.39961
0.38193
0.35914
0.33456
0.31554
0.29808
0.27469
0.26176
0.25261
0.23854
0.24028
0.24525
0.24549
0.25797
0.27303
0.24802
0.24330
0.24069
0.24255
0.25398
0.26809
0.28502
0.31020
0.33446
0.36308
0.40256
0.43562
0.46628
0.49180
0.51781
0.53700
0.55364
0.56882
0.58332
0.59145
0.59831
0.60445
0.60762
0.61020
0.61294
0.61640
0.62130
0.62290
0.62622
0.63145
0.63421
0.63453
0.63560
0.63690
0.64099
0.64518
0.64957
0.65374
0.65806
0.66096
0.66244
0.66632
0.67018
0.66995
0.67117
0.67014
0.67275
0.66790
0.66583
0.66489
0.66354
0.65839
0.65223
0.64564
0.64033
0.63293
0.62931
0.62268
0.61556
0.61062
0.60516
0.60174
0.59789
0.59562
0.58771
0.58085
0.57291
0.56700
0.55703
0.54770
0.53746
0.52800
0.50967
0.49184
0.47564
0.45246
0.42809
0.40232
0.38149
0.36156
0.33649
0.31422
0.29599
0.27419
0.26008
0.25240
0.24258
0.23736
0.24385
0.24625
0.25649
0.27246
0.25123
0.24637
0.24422
0.24495
0.25349
0.26743
0.28689
0.30951
0.33629
0.36632
0.40588
0.44018
0.46711
0.49265
0.51757
0.53674
0.55634
0.57059
0.57931
0.58926
0.59660
0.60252
0.60579
0.60947
0.61117
0.61358
0.61730
0.62150
0.62390
0.62643
0.62840
0.62822
0.63169
0.63422
0.63715
0.64011
0.64780
0.65131
0.65531
0.66008
0.66278
0.66530
0.66957
0.66961
0.67040
0.66973
0.66885
0.66675
0.66433
0.66151
0.65931
0.65376
0.64833
0.64578
0.63935
0.63170
0.62507
0.61889
0.61087
0.60724
0.60279
0.59965
0.59702
0.59181
0.58492
0.57857
0.57698
0.56851
0.56027
0.54992
0.53958
0.52997
0.51658
0.49693
0.47959
0.45882
0.43435
0.41012
0.38510
0.36014
0.33791
0.31470
0.29556
0.27523
0.26046
0.25082
0.24235
0.23853
0.24235
0.24787
0.25784
0.26972
0.25495
0.25056
0.24424
0.24560
0.25313
0.26682
0.28749
0.30919
0.33748
0.36886
0.40664
0.44250
0.46581
0.49304
0.51654
0.53795
0.55750
0.56925
0.58011
0.59093
0.59907
0.60404
0.60892
0.61142
0.61241
0.61731
0.62130
0.62200
0.62475
0.62867
0.62731
0.62837
0.63131
0.63111
0.63451
0.63819
0.64380
0.64962
0.65316
0.65640
0.66048
0.66328
0.66721
0.66907
0.66898
0.66827
0.66644
0.66234
0.66280
0.65795
0.65450
0.64846
0.64543
0.64061
0.63577
0.62594
0.61734
0.61360
0.60799
0.60180
0.59908
0.59684
0.59415
0.58963
0.58389
0.57774
0.57430
0.56486
0.55826
0.55222
0.54105
0.53104
0.51933
0.50173
0.48350
0.46286
0.43821
0.41379
0.39139
0.36126
0.33698
0.31379
0.29476
0.27417
0.25888
0.25081
0.24134
0.23813
0.24151
0.24917
0.26102
0.26842
0.25596
0.25135
0.24570
0.24839
0.25280
0.26715
0.28759
0.31090
0.33963
0.37291
0.40519
0.43986
0.46706
0.49483
0.51971
0.54232
0.55908
0.56924
0.58325
0.59351
0.59899
0.60465
0.60927
0.61139
0.61022
0.61386
0.61902
0.61932
0.62311
0.62653
0.62472
0.62776
0.63026
0.63068
0.63416
0.63723
0.64007
0.64483
0.64826
0.65129
0.65617
0.65871
0.66138
0.66355
0.66478
0.66432
0.66540
0.66013
0.66004
0.65359
0.64932
0.64470
0.64146
0.63389
0.62720
0.61889
0.61073
0.60510
0.60303
0.59889
0.59356
0.59247
0.59412
0.58755
0.58539
0.57995
0.57327
0.56759
0.56182
0.55257
0.54331
0.53138
0.52049
0.50578
0.48667
0.46715
0.44340
0.41872
0.39335
0.36549
0.33685
0.31478
0.29025
0.27526
0.25554
0.24997
0.24244
0.24078
0.24339
0.24771
0.26206
0.26763
0.25781
0.25119
0.25162
0.25035
0.25397
0.26739
0.29119
0.31435
0.34159
0.37523
0.40526
0.43966
0.47013
0.49990
0.52149
0.54326
0.55903
0.57206
0.58498
0.59561
0.59955
0.60474
0.60897
0.61031
0.60984
0.61069
0.61394
0.61896
0.62120
0.62256
0.62394
0.62474
0.62543
0.62637
0.62927
0.63493
0.63939
0.64105
0.64436
0.64620
0.65066
0.65558
0.65717
0.65901
0.66037
0.65938
0.66139
0.65832
0.65620
0.64718
0.64403
0.64063
0.63559
0.62646
0.61922
0.61389
0.60629
0.60188
0.59779
0.59498
0.58906
0.58647
0.59060
0.58451
0.58327
0.57930
0.57334
0.57028
0.56194
0.55285
0.54252
0.53243
0.52109
0.50652
0.48711
0.46827
0.44674
0.42201
0.39618
0.36677
0.33707
0.31376
0.28651
0.27270
0.25855
0.24592
0.24306
0.24230
0.23995
0.24944
0.26236
0.26958
0.26189
0.25647
0.25815
0.25077
0.25735
0.27076
0.29242
0.31624
0.34187
0.37654
0.40885
0.44384
0.47313
0.50172
0.52461
0.54374
0.55977
0.57324
0.58414
0.59525
0.60093
0.60391
0.60812
0.60760
0.60940
0.61018
0.60996
0.61781
0.61731
0.61574
0.61830
0.61778
0.61861
0.61863
0.61992
0.62425
0.62988
0.63631
0.63876
0.64266
0.64571
0.65085
0.65321
0.65537
0.65779
0.65637
0.65632
0.65562
0.65123
0.64273
0.64138
0.63487
0.62850
0.61930
0.61063
0.60684
0.60058
0.59505
0.59490
0.59132
0.58447
0.58317
0.58382
0.57803
0.57687
0.57384
0.56954
0.56445
0.55723
0.54977
0.54240
0.53246
0.52007
0.50546
0.48743
0.46741
0.44828
0.42385
0.39754
0.36952
0.33773
0.31240
0.28365
0.26763
0.25736
0.24371
0.24237
0.23976
0.24224
0.24905
0.26089
0.27323
0.26674
0.26388
0.26172
0.25616
0.26241
0.27525
0.29605
0.31861
0.34150
0.38296
0.41461
0.44550
0.47204
0.50426
0.52645
0.54278
0.56077
0.57302
0.58491
0.59328
0.59805
0.60513
0.60463
0.60262
0.60167
0.60439
0.60268
0.60511
0.60817
0.60649
0.60516
0.60613
0.60909
0.61057
0.61242
0.61617
0.61994
0.62741
0.63169
0.63305
0.64188
0.64607
0.64888
0.65132
0.65259
0.65321
0.65105
0.64743
0.64088
0.63413
0.63307
0.62439
0.61669
0.61093
0.60095
0.59812
0.58898
0.58556
0.58288
0.57986
0.57707
0.57453
0.57044
0.56815
0.56554
0.56328
0.56249
0.55380
0.54873
0.53867
0.53302
0.52563
0.51611
0.50365
0.48488
0.46565
0.44572
0.42408
0.39818
0.36937
0.33772
0.30848
0.28005
0.26535
0.25387
0.24507
0.24018
0.23915
0.24315
0.24951
0.26295
0.27266
0.27138
0.26999
0.26712
0.26424
0.27223
0.28232
0.29936
0.32218
0.34723
0.38558
0.41478
0.44620
0.47559
0.50624
0.52524
0.54071
0.55728
0.57314
0.58330
0.59182
0.59512
0.59771
0.59763
0.59415
0.59061
0.59446
0.59195
0.59074
0.59094
0.59242
0.58699
0.59168
0.59228
0.59697
0.59754
0.60409
0.60858
0.61217
0.61940
0.61953
0.62843
0.63806
0.64202
0.64190
0.64589
0.64572
0.64215
0.63504
0.63054
0.62640
0.61868
0.61349
0.60599
0.59736
0.58919
0.58230
0.57670
0.57510
0.57065
0.56869
0.56803
0.56390
0.55907
0.55591
0.55636
0.55428
0.55259
0.54803
0.54287
0.53327
0.52639
0.52182
0.51338
0.50474
0.48413
0.46457
0.44362
0.42403
0.39724
0.37116
0.34027
0.30560
0.27679
0.26189
0.25429
0.24492
0.24216
0.24063
0.24389
0.25143
0.26666
0.27392
0.27510
0.27605
0.27243
0.27676
0.28341
0.28742
0.30663
0.32384
0.35472
0.38919
0.41282
0.44690
0.47596
0.50809
0.52503
0.54102
0.56056
0.57275
0.58070
0.58499
0.58511
0.58229
0.57811
0.57498
0.57281
0.57236
0.57296
0.57062
0.57203
0.57296
0.57011
0.57684
0.57529
0.58153
0.58314
0.58936
0.59230
0.59600
0.60289
0.60861
0.61936
0.62508
0.63336
0.63502
0.63705
0.63436
0.63607
0.62660
0.62569
0.62223
0.61445
0.60989
0.59972
0.59087
0.58117
0.57237
0.56525
0.56021
0.55674
0.55400
0.55678
0.55476
0.54977
0.54909
0.54613
0.54618
0.53661
0.53432
0.53290
0.52682
0.51860
0.51337
0.50864
0.50101
0.48433
0.46440
0.44472
0.42342
0.39735
0.37182
0.34236
0.30429
0.28139
0.25842
0.25111
0.24920
0.24355
0.24215
0.24930
0.25642
0.26778
0.27798
0.28056
0.28115
0.28091
0.28522
0.28618
0.29359
0.30758
0.32833
0.35727
0.38671
0.41519
0.44846
0.47580
0.50483
0.52414
0.54126
0.55806
0.56894
0.57278
0.57527
0.57375
0.56937
0.56203
0.55811
0.56126
0.56140
0.56187
0.56318
0.56370
0.56103
0.55830
0.56077
0.56141
0.56558
0.56884
0.57579
0.57925
0.58553
0.59393
0.60049
0.60814
0.61358
0.61999
0.62360
0.62344
0.62237
0.62534
0.61890
0.61771
0.61327
0.60699
0.60043
0.59255
0.58213
0.56847
0.56555
0.55395
0.54775
0.54522
0.53842
0.53675
0.53815
0.53580
0.53611
0.53318
0.53172
0.52816
0.52381
0.52088
0.51759
0.51186
0.50864
0.50342
0.49994
0.48843
0.46871
0.44948
0.42348
0.39618
0.36874
0.34389
0.30690
0.28130
0.26278
0.25117
0.24888
0.24318
0.24114
0.25477
0.26451
0.27075
0.27889
0.29163
0.28575
0.28877
0.29026
0.29180
0.30404
0.31665
0.33093
0.36061
0.38802
0.41681
0.44961
0.47175
0.50171
0.52534
0.53899
0.55207
0.56233
0.56528
0.56317
0.56651
0.56338
0.56073
0.55371
0.55104
0.55143
0.55549
0.55734
0.55370
0.55001
0.55171
0.55112
0.55320
0.55659
0.56030
0.56687
0.57200
0.57934
0.58778
0.59280
0.60162
0.61218
0.61612
0.61874
0.61665
0.61405
0.61103
0.60963
0.60710
0.59917
0.59248
0.58468
0.57724
0.56434
0.55168
0.54999
0.53714
0.53459
0.52932
0.52564
0.51934
0.52161
0.51820
0.51784
0.51909
0.51776
0.51619
0.51271
0.51223
0.50831
0.50875
0.50618
0.49993
0.49390
0.48756
0.47494
0.45242
0.43054
0.40185
0.37276
0.33974
0.30857
0.28047
0.26505
0.25852
0.24997
0.24336
0.24320
0.25653
0.26825
0.27637
0.28298
0.29842
0.29770
0.29923
0.29293
0.29577
0.31242
0.32535
0.33530
0.36209
0.39395
0.42352
0.45131
0.47481
0.50344
0.52626
0.53719
0.54849
0.55616
0.55606
0.55599
0.55537
0.54985
0.54917
0.54940
0.54346
0.54002
0.54330
0.54226
0.53894
0.53866
0.54034
0.53915
0.54527
0.54794
0.55280
0.55711
0.56372
0.56821
0.57740
0.58481
0.59168
0.60170
0.60989
0.61239
0.61058
0.60953
0.60490
0.60223
0.60038
0.59080
0.58557
0.57513
0.56401
0.54837
0.53795
0.53441
0.52302
0.52148
0.51424
0.50981
0.50762
0.50530
0.50703
0.50717
0.50490
0.50474
0.50533
0.50565
0.50486
0.50355
0.50046
0.49386
0.49384
0.48512
0.48298
0.47616
0.45899
0.43489
0.41020
0.37964
0.34403
0.31116
0.28482
0.27181
0.26214
0.25299
0.24790
0.24811
0.25914
0.27359
0.28378
0.28946
0.30146
0.31134
0.31040
0.30059
0.30389
0.31869
0.33049
0.34158
0.36831
0.40016
0.43042
0.45443
0.48020
0.50288
0.52497
0.53328
0.54237
0.54704
0.55035
0.54837
0.54753
0.53831
0.53544
0.54067
0.53289
0.52935
0.52846
0.53205
0.52766
0.52571
0.52698
0.52785
0.53322
0.53374
0.54043
0.54172
0.55053
0.56008
0.56473
0.57588
0.58048
0.58689
0.59853
0.60000
0.59926
0.60016
0.59821
0.58952
0.58504
0.57863
0.57532
0.55823
0.55022
0.53640
0.52919
0.52035
0.51207
0.50808
0.50347
0.50446
0.50139
0.49818
0.49375
0.49139
0.49002
0.48950
0.49298
0.50329
0.50130
0.49524
0.49163
0.48817
0.48543
0.48139
0.47968
0.47179
0.45800
0.43505
0.41032
0.38019
0.34973
0.31506
0.29125
0.27942
0.26624
0.25315
0.25544
0.25659
0.26665
0.28075
0.29157
0.29289
0.30526
0.31712
0.32098
0.31218
0.31260
0.32374
0.34039
0.35523
0.37628
0.40561
0.43482
0.45371
0.47432
0.49897
0.51842
0.52749
0.53775
0.54330
0.54529
0.53755
0.53648
0.53194
0.53007
0.52904
0.52417
0.51954
0.52083
0.51648
0.51715
0.51549
0.51741
0.51988
0.52269
0.52877
0.53258
0.53024
0.54674
0.55379
0.55838
0.56449
0.57094
0.57426
0.58691
0.59057
0.59308
0.59158
0.59104
0.58415
0.57470
0.56949
0.56339
0.55230
0.54263
0.52911
0.51716
0.51338
0.50763
0.50388
0.50078
0.50109
0.49462
0.49122
0.48931
0.48195
0.47742
0.48119
0.48029
0.48998
0.49374
0.49027
0.48632
0.48432
0.48039
0.47553
0.47367
0.46694
0.45758
0.43278
0.41078
0.38271
0.34905
0.31748
0.29695
0.28135
0.26706
0.25654
0.26085
0.26510
0.27575
0.28838
0.29497
0.29834
0.31166
0.31900
0.33192
0.32328
0.32545
0.32780
0.34709
0.36058
0.38320
0.41004
0.43671
0.45508
0.47146
0.49769
0.51228
0.52569
0.53937
0.53937
0.53895
0.53915
0.53168
0.52902
0.52787
0.51897
0.51587
0.51024
0.51188
0.50704
0.50118
0.50567
0.50929
0.51299
0.51015
0.51584
0.52168
0.52501
0.53680
0.54693
0.54900
0.55261
0.55960
0.56577
0.57355
0.57961
0.58341
0.58402
0.58250
0.57711
0.56840
0.55752
0.55590
0.54466
0.53444
0.52336
0.50821
0.50349
0.49532
0.49664
0.49252
0.49084
0.48395
0.48444
0.48297
0.47549
0.47336
0.47318
0.47780
0.48012
0.48033
0.48590
0.48628
0.48569
0.47992
0.47297
0.46788
0.46249
0.45493
0.43575
0.41384
0.38813
0.35191
0.31986
0.30118
0.28494
0.26741
0.26402
0.26924
0.27244
0.28033
0.29798
0.29843
0.30247
0.31725
0.32557
0.34029
0.33137
0.33133
0.33979
0.35724
0.36281
0.39226
0.41464
0.43742
0.45831
0.47913
0.49799
0.51264
0.52908
0.53817
0.53356
0.53376
0.53663
0.52999
0.52645
0.52498
0.51376
0.51217
0.51056
0.50382
0.50179
0.49373
0.50110
0.50646
0.50703
0.50821
0.51467
0.51718
0.52305
0.52986
0.53599
0.54361
0.54475
0.54978
0.55520
0.56328
0.57179
0.57691
0.58205
0.57896
0.57049
0.56631
0.55709
0.54842
0.54272
0.52882
0.52079
0.50449
0.49870
0.49875
0.49140
0.49036
0.49051
0.48672
0.47975
0.47570
0.47464
0.47455
0.47520
0.47072
0.47460
0.47174
0.47966
0.47965
0.48188
0.48269
0.47636
0.47149
0.46536
0.45815
0.43550
0.41635
0.39070
0.35325
0.32349
0.30977
0.28802
0.27192
0.27274
0.27817
0.28009
0.28683
0.30546
0.30331
0.30499
0.32584
0.33806
0.34783
0.35263
0.34617
0.35419
0.36612
0.37000
0.39465
0.41821
0.43653
0.45663
0.48244
0.49874
0.51311
0.52734
0.53323
0.53083
0.53259
0.53057
0.52406
0.52581
0.52164
0.51714
0.51052
0.50869
0.49968
0.49333
0.49269
0.49677
0.50024
0.50551
0.50732
0.51195
0.51755
0.52214
0.52591
0.53178
0.54084
0.53965
0.54351
0.54885
0.56228
0.57221
0.57922
0.57950
0.57581
0.56613
0.56067
0.55646
0.54538
0.54074
0.52362
0.51602
0.50678
0.49823
0.49696
0.49032
0.48945
0.48428
0.47962
0.47579
0.46670
0.46634
0.46897
0.47070
0.47228
0.46746
0.47111
0.47448
0.47789
0.47731
0.48318
0.47880
0.47316
0.46509
0.45953
0.43580
0.41472
0.39121
0.35876
0.33039
0.31569
0.29410
0.28124
0.28391
0.28920
0.28978
0.29564
0.31316
0.30704
0.30991
0.33275
0.34809
0.34860
0.35671
0.36154
0.36072
0.37505
0.38047
0.39903
0.42393
0.44271
0.46197
0.48938
0.50696
0.51625
0.52945
0.53666
0.53235
0.53639
0.53291
0.52090
0.51946
0.51760
0.51330
0.50997
0.50685
0.50158
0.49674
0.49704
0.49952
0.50138
0.50922
0.51282
0.51615
0.51930
0.52414
0.53162
0.53127
0.54335
0.53777
0.54559
0.54988
0.56070
0.57120
0.57891
0.57712
0.57037
0.56233
0.56166
0.54939
0.54307
0.53591
0.52069
0.51203
0.50366
0.49309
0.48944
0.48122
0.47910
0.47690
0.47111
0.47369
0.46498
0.46140
0.46405
0.47073
0.47837
0.47609
0.47584
0.47861
0.47779
0.47745
0.48166
0.47974
0.47613
0.46924
0.45916
0.43800
0.41588
0.39616
0.36251
0.33546
0.32475
0.30583
0.29843
0.29680
0.29898
0.29746
0.30094
0.32025
0.31410
0.31298
0.33559
0.35031
0.35553
0.36231
0.36987
0.37182
0.38673
0.39253
0.40917
0.43024
0.44725
0.46886
0.49684
0.51410
0.52311
0.53459
0.54093
0.53810
0.54118
0.53468
0.52669
0.52242
0.52148
0.51547
0.51401
0.51145
0.50598
0.50346
0.50073
0.50318
0.50861
0.51256
0.51619
0.52200
0.52426
0.53352
0.53533
0.53233
0.54015
0.53889
0.54857
0.55439
0.56237
0.57083
0.57708
0.57739
0.56752
0.56200
0.56152
0.54878
0.53837
0.53427
0.52220
0.51360
0.50599
0.49575
0.48806
0.48076
0.47980
0.47584
0.46931
0.47110
0.46759
0.46309
0.46343
0.47130
0.47721
0.48106
0.48154
0.48313
0.48675
0.47892
0.47961
0.47876
0.47672
0.47087
0.46357
0.44298
0.41912
0.40113
0.36685
0.34291
0.33055
0.31807
0.30954
0.30474
0.30897
0.30710
0.30994
0.32599
0.32058
0.31627
0.33583
0.35455
0.35828
0.36955
0.38017
0.38842
0.39435
0.40069
0.42096
0.43997
0.45335
0.47546
0.50095
0.51787
0.53320
0.54139
0.54630
0.54310
0.54262
0.53629
0.53148
0.53006
0.52850
0.53011
0.52688
0.52562
0.51728
0.51416
0.51254
0.51239
0.51591
0.51579
0.52029
0.52521
0.53206
0.54264
0.54397
0.53848
0.54032
0.54700
0.55511
0.56167
0.57063
0.57728
0.57986
0.57630
0.57123
0.56595
0.56112
0.55313
0.54090
0.53733
0.52848
0.51632
0.50542
0.49423
0.48737
0.48816
0.48902
0.48208
0.47453
0.47537
0.46782
0.46848
0.46641
0.47287
0.47955
0.48334
0.48497
0.48337
0.48910
0.48581
0.48361
0.48302
0.48147
0.47559
0.46613
0.44838
0.42570
0.40555
0.37388
0.35509
0.33525
0.32973
0.32257
0.31683
0.32434
0.31921
0.32296
0.33356
0.32710
0.31955
0.33541
0.35818
0.36574
0.37771
0.38951
0.40097
0.40456
0.41024
0.42964
0.44580
0.46206
0.48197
0.50307
0.52241
0.53858
0.54620
0.55320
0.54795
0.54906
0.54568
0.53885
0.53925
0.53493
0.53480
0.53285
0.53151
0.52770
0.52474
0.52644
0.52825
0.52323
0.52487
0.52906
0.53457
0.54419
0.54680
0.54439
0.54251
0.54859
0.55137
0.55917
0.56994
0.58173
0.58487
0.58571
0.58477
0.58094
0.57115
0.56378
0.55554
0.54641
0.54174
0.53559
0.52401
0.51156
0.50208
0.49833
0.49501
0.49741
0.49522
0.48831
0.47955
0.47491
0.47493
0.47011
0.46996
0.48482
0.48859
0.49063
0.49023
0.49413
0.49440
0.49450
0.49274
0.48931
0.48525
0.47232
0.45542
0.43682
0.41448
0.38438
0.36515
0.34868
0.34060
0.33523
0.33124
0.33442
0.32725
0.33638
0.34047
0.33006
0.32033
0.33679
0.36704
0.37401
0.38881
0.40565
0.41600
0.41684
0.42102
0.43758
0.45471
0.46969
0.49125
0.51094
0.53242
0.54333
0.55680
0.56042
0.55604
0.55804
0.55768
0.55224
0.54862
0.54945
0.54792
0.54514
0.54673
0.54507
0.54373
0.53894
0.54144
0.53905
0.53962
0.54334
0.54852
0.55537
0.55576
0.55284
0.54955
0.55590
0.55869
0.57332
0.58083
0.59038
0.59395
0.59227
0.59412
0.58847
0.58311
0.57284
0.56775
0.55418
0.54871
0.53858
0.53242
0.52302
0.51422
0.50986
0.50510
0.50591
0.50982
0.50687
0.49548
0.49597
0.49145
0.48669
0.48346
0.48997
0.50141
0.50207
0.50115
0.50307
0.50498
0.50391
0.50290
0.49822
0.49074
0.47996
0.46212
0.44710
0.42837
0.39598
0.37532
0.36294
0.35126
0.34788
0.34454
0.34383
0.33604
0.34222
0.34245
0.33149
0.31884
0.34010
0.37417
0.38094
0.39834
0.41826
0.43005
0.42957
0.44240
0.44420
0.45922
0.47718
0.50072
0.52288
0.54477
0.55715
0.56735
0.57154
0.57036
0.57380
0.57037
0.56602
0.56299
0.55925
0.55795
0.55627
0.55998
0.55954
0.56309
0.55774
0.55600
0.55646
0.55891
0.56110
0.56348
0.56162
0.56348
0.56488
0.56249
0.56414
0.57354
0.58116
0.59123
0.59878
0.60233
0.60182
0.60384
0.59798
0.59616
0.58587
0.57867
0.56280
0.55291
0.54346
0.54234
0.53640
0.52762
0.51854
0.51830
0.51595
0.52003
0.52111
0.51179
0.51134
0.51272
0.50923
0.50937
0.51156
0.51393
0.51587
0.51461
0.51635
0.51692
0.51675
0.51426
0.50801
0.49968
0.48667
0.47097
0.45772
0.44001
0.40521
0.38718
0.37321
0.36453
0.36443
0.35903
0.35402
0.34601
0.34955
0.34166
0.33362
0.32181
0.34230
0.37854
0.38790
0.40438
0.42728
0.44156
0.44126
0.45559
0.45870
0.46609
0.48642
0.50945
0.53211
0.55780
0.56798
0.57880
0.58420
0.58184
0.58347
0.58346
0.57888
0.57556
0.57380
0.57107
0.57154
0.57377
0.57176
0.57351
0.57177
0.57285
0.57199
0.57222
0.57482
0.57212
0.57180
0.57281
0.57520
0.57116
0.57581
0.58358
0.58938
0.59866
0.60515
0.60712
0.61166
0.61088
0.61017
0.60482
0.59335
0.58456
0.57287
0.56289
0.55296
0.54789
0.54379
0.53849
0.53256
0.52959
0.52694
0.52912
0.52621
0.52558
0.52678
0.53034
0.52865
0.53071
0.52776
0.52976
0.52810
0.53200
0.53061
0.52816
0.52672
0.52419
0.51499
0.50797
0.49522
0.48286
0.47159
0.44671
0.41534
0.39911
0.38424
0.37966
0.37796
0.37122
0.35918
0.35785
0.35172
0.33975
0.33180
0.32125
0.34409
0.38047
0.39163
0.40754
0.43506
0.44935
0.45512
0.46440
0.47662
0.47929
0.49414
0.51886
0.54263
0.56637
0.58346
0.58729
0.59690
0.59765
0.59587
0.59810
0.59455
0.58967
0.59001
0.58923
0.58961
0.58749
0.58481
0.58634
0.58647
0.58608
0.58441
0.58265
0.58182
0.58074
0.58314
0.58373
0.58403
0.58805
0.58891
0.59476
0.60025
0.60748
0.60784
0.61056
0.61721
0.61435
0.61378
0.61020
0.59710
0.58903
0.58089
0.57645
0.56465
0.56335
0.55598
0.55080
0.54604
0.54506
0.54191
0.54366
0.54037
0.53948
0.54043
0.54426
0.54228
0.54463
0.54047
0.54279
0.53971
0.54136
0.53956
0.53940
0.53925
0.53376
0.52778
0.51561
0.50548
0.49193
0.48016
0.45352
0.42649
0.40740
0.39291
0.39039
0.39145
0.38291
0.37159
0.36491
0.35318
0.33837
0.32614
0.32077
0.34618
0.37928
0.39803
0.41288
0.44529
0.45863
0.46739
0.47361
0.48658
0.49557
0.50282
0.52628
0.55276
0.57298
0.58742
0.59700
0.60138
0.60674
0.60812
0.60937
0.60725
0.60638
0.60383
0.60520
0.60549
0.60383
0.60278
0.60110
0.60010
0.59773
0.59757
0.59450
0.59866
0.59549
0.59254
0.59179
0.59424
0.59887
0.60077
0.60347
0.60919
0.61162
0.61378
0.61538
0.61550
0.61836
0.61413
0.61214
0.59974
0.59217
0.58583
0.58447
0.57459
0.57473
0.56795
0.56300
0.55663
0.55734
0.55625
0.56219
0.55820
0.55630
0.55262
0.55597
0.55381
0.55540
0.55305
0.55123
0.55101
0.54950
0.54893
0.55033
0.54816
0.54149
0.53642
0.52190
0.51384
0.50125
0.48275
0.46191
0.43693
0.41635
0.40246
0.40135
0.40241
0.39359
0.38273
0.36691
0.35520
0.33661
0.32177
0.31634
0.34389
0.37972
0.40015
0.41658
0.44803
0.47114
0.47590
0.48551
0.49569
0.50525
0.50940
0.53357
0.56002
0.58201
0.59408
0.60440
0.60660
0.61542
0.62220
0.61804
0.62132
0.62016
0.61665
0.61562
0.61531
0.61437
0.61155
0.61097
0.60908
0.60795
0.61154
0.61138
0.60995
0.60430
0.60062
0.60478
0.60767
0.61034
0.61450
0.61259
0.61573
0.61655
0.61675
0.61788
0.61906
0.61857
0.61520
0.61368
0.60535
0.59622
0.59091
0.59037
0.58589
0.58298
0.58131
0.56918
0.56896
0.56688
0.56624
0.56929
0.57001
0.56783
0.56606
0.56498
0.56447
0.56579
0.56687
0.56624
0.56549
0.56468
0.56444
0.56268
0.55824
0.55122
0.54512
0.53330
0.52199
0.50484
0.48874
0.46749
0.44613
0.42731
0.41522
0.41222
0.41030
0.40370
0.38865
0.36801
0.35367
0.33580
0.31765
0.31227
0.33965
0.37723
0.39940
0.41773
0.45248
0.47868
0.48169
0.49311
0.50261
0.51173
0.51324
0.53714
0.56499
0.58737
0.60044
0.61039
0.61455
0.61681
0.62648
0.62782
0.62827
0.63037
0.62629
0.62429
0.62390
0.62533
0.62164
0.61931
0.61770
0.61979
0.62039
0.62158
0.61627
0.60969
0.61012
0.61423
0.61683
0.62045
0.62056
0.61889
0.62022
0.62093
0.61965
0.62202
0.62311
0.62027
0.61670
0.61397
0.60896
0.59926
0.59611
0.59604
0.59555
0.59031
0.58868
0.58246
0.58042
0.58235
0.57689
0.57633
0.57805
0.57427
0.57103
0.57221
0.57391
0.57505
0.57454
0.57765
0.57491
0.57159
0.57240
0.56976
0.56571
0.55875
0.55158
0.54120
0.52727
0.51171
0.49152
0.47539
0.45143
0.44011
0.42617
0.41901
0.41596
0.41336
0.39332
0.36905
0.34948
0.33276
0.31514
0.30832
0.33827
0.36945
0.39445
0.41616
0.45639
0.48090
0.48935
0.49952
0.51205
0.51917
0.52183
0.53776
0.56332
0.58959
0.60564
0.61286
0.62269
0.62368
0.62932
0.63411
0.63652
0.63622
0.63394
0.63182
0.63079
0.62793
0.62782
0.62797
0.62844
0.63218
0.62948
0.62738
0.62431
0.62089
0.61679
0.62126
0.62130
0.62335
0.62338
0.62197
0.61699
0.61445
0.61840
0.62114
0.62250
0.62300
0.61633
0.61562
0.61096
0.60172
0.59415
0.59533
0.59764
0.59502
0.58983
0.59071
0.58837
0.59095
0.58989
0.58869
0.58816
0.58532
0.58183
0.57971
0.58014
0.58055
0.58102
0.58458
0.58111
0.57747
0.57615
0.57380
0.57338
0.56407
0.55691
0.54753
0.53630
0.52053
0.49794
0.48080
0.45585
0.44630
0.43201
0.42330
0.41767
0.41350
0.39895
0.37239
0.34359
0.33075
0.31158
0.30183
0.33431
0.36313
0.38754
0.41570
0.45799
0.48157
0.49241
0.50616
0.51692
0.52612
0.53182
0.54309
0.56190
0.58486
0.60409
0.61299
0.62191
0.62513
0.63267
0.63786
0.63942
0.64098
0.64084
0.64000
0.64084
0.63666
0.63586
0.63374
0.63408
0.63550
0.63239
0.63031
0.62995
0.62792
0.62072
0.62548
0.62127
0.62308
0.62242
0.61672
0.61187
0.61033
0.61605
0.61996
0.61790
0.61874
0.61491
0.61004
0.60727
0.59884
0.59341
0.58855
0.59386
0.59749
0.59141
0.59005
0.59027
0.59290
0.59666
0.59443
0.59598
0.59453
0.59232
0.59138
0.59133
0.59063
0.58773
0.58876
0.58948
0.58479
0.58137
0.58100
0.57674
0.57146
0.56144
0.55175
0.53867
0.52464
0.50162
0.48086
0.46130
0.44906
0.43606
0.42274
0.41830
0.41235
0.39775
0.36947
0.33860
0.32828
0.30544
0.29567
0.33197
0.35511
0.38385
0.41165
0.45581
0.47894
0.49770
0.51118
0.52059
0.52924
0.53576
0.54542
0.56577
0.58624
0.60341
0.61493
0.62283
0.62528
0.63144
0.63784
0.64069
0.64110
0.64167
0.64322
0.64622
0.64823
0.64733
0.64387
0.64142
0.63857
0.63431
0.63140
0.62855
0.62397
0.61898
0.61982
0.62088
0.62170
0.61464
0.60922
0.60849
0.60919
0.61351
0.61418
0.61341
0.61133
0.60782
0.60246
0.59827
0.59320
0.58566
0.58358
0.58693
0.58989
0.58827
0.59058
0.59310
0.59714
0.59966
0.59831
0.59944
0.60024
0.60168
0.59886
0.59747
0.59786
0.59422
0.59156
0.59169
0.59049
0.58789
0.58472
0.58047
0.57532
0.56253
0.54844
0.53838
0.52362
0.49855
0.48268
0.46474
0.45251
0.43711
0.42802
0.42294
0.41061
0.39256
0.36623
0.33553
0.32532
0.29989
0.29260
0.33088
0.34898
0.38028
0.40505
0.44756
0.48044
0.49337
0.51305
0.52077
0.53271
0.53622
0.54452
0.56414
0.58578
0.59956
0.61048
0.62470
0.63008
0.63147
0.63931
0.64247
0.64372
0.64485
0.64386
0.64611
0.64534
0.64363
0.64080
0.63955
0.63696
0.63330
0.62895
0.62711
0.62181
0.61845
0.61740
0.61772
0.61582
0.60700
0.60371
0.60512
0.60500
0.60925
0.60777
0.60797
0.60315
0.59710
0.59258
0.58742
0.58449
0.57953
0.57368
0.57653
0.57499
0.58020
0.58284
0.58864
0.59423
0.59435
0.59756
0.59730
0.59795
0.59976
0.60134
0.60150
0.59956
0.59540
0.59245
0.59340
0.58965
0.58582
0.58407
0.57830
0.57225
0.55867
0.54526
0.53534
0.52080
0.49831
0.48580
0.47239
0.45184
0.43695
0.42887
0.42234
0.40506
0.38866
0.36222
0.33637
0.31738
0.29832
0.29057
0.32395
0.34341
0.37801
0.40440
0.43820
0.47184
0.48965
0.51014
0.51679
0.53248
0.53878
0.54609
0.55871
0.57970
0.59910
0.60794
0.62014
0.62922
0.63404
0.63933
0.64034
0.64232
0.64312
0.64472
0.64616
0.64578
0.64438
0.64235
0.63808
0.63500
0.62952
0.62628
0.62447
0.62021
0.61734
0.61534
0.61372
0.60696
0.60142
0.59710
0.59807
0.59796
0.59920
0.59848
0.59822
0.59292
0.58756
0.58257
0.57777
0.57678
0.57330
0.57006
0.57076
0.57035
0.57413
0.57954
0.58588
0.59110
0.59193
0.59265
0.59585
0.59723
0.59599
0.59876
0.59902
0.59683
0.59347
0.59116
0.59334
0.59210
0.58826
0.58388
0.57926
0.56910
0.55697
0.54561
0.53505
0.51575
0.49923
0.48789
0.47357
0.45118
0.43923
0.43326
0.42126
0.40273
0.38460
0.35258
0.33423
0.30963
0.29477
0.28919
0.31361
0.33510
0.37032
0.40284
0.42944
0.46621
0.48604
0.50827
0.51593
0.52951
0.53921
0.54752
0.55830
0.57156
0.59300
0.60284
0.61581
0.62232
0.62989
0.63466
0.63690
0.63657
0.63723
0.63939
0.64180
0.64108
0.64286
0.63982
0.63448
0.63149
0.62894
0.62419
0.62073
0.61829
0.61221
0.61117
0.60645
0.60050
0.59342
0.59056
0.58528
0.58391
0.58578
0.58788
0.58346
0.58210
0.57812
0.57492
0.57255
0.56908
0.56532
0.56258
0.56717
0.56676
0.57117
0.57495
0.58392
0.58986
0.59142
0.59380
0.59568
0.59600
0.59561
0.59585
0.59571
0.59597
0.59178
0.59078
0.58904
0.58725
0.58459
0.57894
0.57459
0.56574
0.55493
0.54186
0.53172
0.51021
0.49856
0.48856
0.47449
0.45731
0.44554
0.43394
0.42165
0.40102
0.37921
0.34948
0.32899
0.30137
0.29076
0.28687
0.30945
0.32458
0.35661
0.39508
0.42119
0.45398
0.48060
0.50262
0.51274
0.52475
0.53553
0.54425
0.55427
0.56702
0.58472
0.59602
0.60824
0.61612
0.62520
0.62756
0.63123
0.63190
0.63319
0.63704
0.63901
0.63981
0.63739
0.63297
0.62869
0.62846
0.62394
0.62156
0.61895
0.61486
0.61024
0.60488
0.59981
0.59358
0.58963
0.58073
0.57416
0.57196
0.57506
0.57978
0.57914
0.57040
0.56847
0.56471
0.56671
0.56051
0.55866
0.55712
0.55986
0.56612
0.56886
0.57431
0.58121
0.58725
0.59141
0.59256
0.59433
0.59683
0.59854
0.59786
0.59575
0.59496
0.59084
0.58905
0.58682
0.58437
0.58117
0.57686
0.57094
0.56234
0.55010
0.53706
0.52464
0.50643
0.50055
0.48644
0.47400
0.46134
0.45238
0.43561
0.41637
0.39797
0.37417
0.34157
0.31968
0.29679
0.28445
0.28425
0.30878
0.31660
0.34325
0.38204
0.41288
0.43916
0.47158
0.49413
0.51074
0.52070
0.53402
0.54172
0.54802
0.56143
0.57716
0.58900
0.60043
0.60950
0.61743
0.62086
0.62402
0.62597
0.62781
0.63621
0.63438
0.63292
0.63268
0.62872
0.62676
0.62517
0.62105
0.61940
0.61805
0.61215
0.60505
0.59546
0.59104
0.58577
0.58334
0.57028
0.56302
0.56415
0.56584
0.56702
0.56552
0.55953
0.55579
0.55647
0.55705
0.55249
0.55065
0.55164
0.55477
0.56281
0.56691
0.57131
0.57549
0.58186
0.58599
0.58990
0.59036
0.59336
0.59294
0.59328
0.59301
0.59375
0.58955
0.58651
0.58313
0.57846
0.57280
0.56851
0.56408
0.55609
0.54227
0.53346
0.52027
0.50153
0.49763
0.48136
0.47082
0.45998
0.45177
0.43179
0.41138
0.39017
0.36629
0.33073
0.31085
0.29134
0.28098
0.28145
0.30385
0.31202
0.33051
0.36482
0.40313
0.42387
0.46113
0.48411
0.50349
0.51453
0.52847
0.53701
0.54204
0.55223
0.56885
0.58235
0.59383
0.60174
0.61018
0.61482
0.61822
0.62062
0.62491
0.62836
0.62680
0.62672
0.62720
0.62418
0.62302
0.62062
0.61962
0.61785
0.61163
0.60469
0.59667
0.58687
0.58190
0.57531
0.57284
0.56243
0.55771
0.55529
0.55757
0.55453
0.55117
0.54781
0.54746
0.54610
0.54701
0.54509
0.54289
0.54515
0.54996
0.55901
0.56198
0.56811
0.57248
0.57699
0.58037
0.58689
0.58650
0.58937
0.58966
0.58758
0.58747
0.58736
0.58361
0.58167
0.57863
0.57428
0.56699
0.56062
0.55646
0.54896
0.53642
0.52920
0.51529
0.49607
0.49153
0.47938
0.46465
0.45407
0.44697
0.42475
0.40161
0.37858
0.35254
0.31970
0.30382
0.28544
0.27674
0.27690
0.29718
0.30534
0.32062
0.34976
0.38873
0.41278
0.44383
0.47499
0.49637
0.50724
0.51864
0.53015
0.53581
0.54378
0.55980
0.57108
0.58323
0.59268
0.60204
0.60842
0.61027
0.61386
0.61668
0.61613
0.61635
0.61733
0.61929
0.61850
0.61641
0.61639
0.61551
0.61405
0.60634
0.59674
0.58413
0.57730
0.57546
0.57146
0.56468
0.55764
0.55209
0.54453
0.54536
0.54601
0.54512
0.53658
0.53691
0.53610
0.53565
0.53807
0.53751
0.54065
0.54600
0.55314
0.55717
0.56079
0.56803
0.57055
0.57280
0.57457
0.57728
0.57891
0.58034
0.58035
0.58258
0.58258
0.57729
0.57249
0.57156
0.56971
0.56353
0.55737
0.54992
0.54169
0.53196
0.52312
0.51152
0.49262
0.48395
0.47306
0.45714
0.44775
0.43736
0.41590
0.39338
0.37128
0.34027
0.31260
0.29751
0.27879
0.27299
0.27263
0.28830
0.29655
0.31035
0.33309
0.37073
0.39823
0.42779
0.46121
0.49141
0.50198
0.50860
0.51908
0.52663
0.53424
0.54889
0.56099
0.57475
0.58438
0.59420
0.60021
0.60348
0.60478
0.60591
0.60636
0.60711
0.60853
0.60859
0.60729
0.60731
0.60867
0.60606
0.60451
0.59865
0.58895
0.57611
0.57046
0.56702
0.56415
0.55797
0.55168
0.54555
0.53781
0.53470
0.53766
0.53641
0.53133
0.52550
0.52512
0.52647
0.52991
0.53249
0.53509
0.53942
0.54497
0.55297
0.55637
0.56150
0.56523
0.56452
0.56330
0.56564
0.56793
0.57034
0.57277
0.57476
0.57338
0.57274
0.56552
0.56301
0.56127
0.55840
0.55184
0.54407
0.53523
0.52597
0.51651
0.50528
0.48523
0.47722
0.46420
0.44905
0.43865
0.42758
0.40560
0.38287
0.35944
0.32881
0.30650
0.29155
0.27375
0.26990
0.27025
0.28460
0.29078
0.30200
0.32035
0.34989
0.38079
0.41195
0.44372
0.47696
0.49264
0.50031
0.50905
0.51658
0.52460
0.53772
0.55224
0.56678
0.57714
0.58544
0.59266
0.59550
0.59514
0.59569
0.59673
0.59854
0.59953
0.59961
0.59926
0.59869
0.59685
0.59677
0.59267
0.58597
0.57795
0.56914
0.56260
0.55703
0.55162
0.54795
0.54379
0.53917
0.53164
0.52889
0.52947
0.52813
0.52405
0.52482
0.52242
0.52319
0.52432
0.52749
0.53033
0.53488
0.54019
0.54579
0.55170
0.55614
0.55751
0.55886
0.55733
0.55709
0.55794
0.56204
0.56401
0.56371
0.56450
0.56339
0.55836
0.55287
0.55235
0.55000
0.54547
0.53850
0.52937
0.51971
0.50901
0.49432
0.47816
0.46736
0.45241
0.43740
0.43022
0.41793
0.38991
0.36871
0.34076
0.31819
0.29875
0.28403
0.26996
0.26727
0.26828
0.28473
0.28872
0.29291
0.30993
0.33048
0.36111
0.39162
0.42513
0.45664
0.47692
0.48870
0.49859
0.51007
0.51610
0.52920
0.54226
0.55650
0.57002
0.57683
0.58517
0.58824
0.58945
0.58804
0.58788
0.58938
0.59118
0.59159
0.59165
0.58981
0.58687
0.58517
0.57895
0.57252
0.56699
0.56179
0.55492
0.54738
0.54274
0.53930
0.53497
0.52922
0.52169
0.52050
0.52309
0.51996
0.51999
0.52046
0.51984
0.51936
0.52205
0.52145
0.52478
0.52907
0.53214
0.53756
0.54426
0.54950
0.54879
0.55055
0.55051
0.55120
0.55063
0.55215
0.55310
0.55207
0.55337
0.55290
0.55043
0.54845
0.54551
0.54084
0.53792
0.52893
0.52138
0.51146
0.49854
0.48522
0.47082
0.45450
0.44085
0.42788
0.41771
0.40033
0.37245
0.34898
0.32642
0.30723
0.28898
0.28122
0.26639
0.26504
0.26776
0.28298
0.28376
0.28827
0.30038
0.32007
0.34541
0.37183
0.40435
0.43555
0.45946
0.47437
0.48600
0.50130
0.51175
0.52203
0.53496
0.54719
0.56040
0.56996
0.57601
0.58000
0.58074
0.58086
0.58065
0.58386
0.58338
0.58345
0.58233
0.57929
0.57574
0.57139
0.56633
0.56233
0.55789
0.55347
0.54676
0.54361
0.53656
0.53128
0.52589
0.51799
0.51386
0.51296
0.51436
0.51273
0.51144
0.51427
0.51462
0.51308
0.51382
0.51414
0.51504
0.51981
0.52433
0.52837
0.53568
0.54008
0.54196
0.54142
0.54259
0.54267
0.54121
0.54274
0.54319
0.54018
0.54538
0.54392
0.54194
0.54297
0.53901
0.53250
0.52847
0.52066
0.51189
0.50247
0.48940
0.47590
0.46113
0.44164
0.42753
0.41628
0.40026
0.38125
0.35837
0.33433
0.31443
0.29922
0.28381
0.27713
0.26575
0.26419
0.26714
0.28141
0.27896
0.28413
0.29209
0.30720
0.33408
0.35737
0.38662
0.41705
0.44480
0.45669
0.47240
0.49353
0.50435
0.51633
0.52767
0.54146
0.55329
0.56122
0.56736
0.56960
0.57207
0.57506
0.57535
0.57769
0.57461
0.57304
0.57083
0.56562
0.56046
0.56026
0.55503
0.55234
0.54685
0.54362
0.53875
0.53657
0.53068
0.51867
0.51328
0.50773
0.50571
0.50503
0.50502
0.50089
0.50177
0.50528
0.50732
0.50567
0.50344
0.50383
0.50126
0.50569
0.51098
0.51734
0.52170
0.52438
0.53057
0.53005
0.53417
0.53566
0.53294
0.53132
0.53348
0.53205
0.53444
0.53473
0.53250
0.53437
0.53166
0.52509
0.52005
0.51274
0.50431
0.49383
0.47952
0.46744
0.45095
0.43163
0.41568
0.40187
0.38516
0.36397
0.34693
0.32396
0.30725
0.29447
0.27987
0.26935
0.26512
0.26409
0.26539
0.28065
0.27702
0.27995
0.28727
0.29610
0.32181
0.34357
0.37064
0.39766
0.42595
0.44237
0.45627
0.48328
0.49687
0.50660
0.52214
0.53444
0.54680
0.55299
0.55971
0.56086
0.56435
0.56823
0.56907
0.56990
0.56590
0.56368
0.55883
0.55423
0.55011
0.54543
0.54242
0.53953
0.53521
0.53112
0.52802
0.52082
0.51550
0.50954
0.50274
0.49535
0.49296
0.49206
0.49465
0.49165
0.48919
0.49529
0.49726
0.49611
0.49270
0.49235
0.49273
0.49464
0.50032
0.50424
0.50868
0.51018
0.51282
0.51738
0.52266
0.52640
0.52570
0.52449
0.52521
0.52359
0.52437
0.52616
0.52418
0.52530
0.52404
0.51797
0.51165
0.50475
0.49691
0.48449
0.47096
0.45607
0.44034
0.41882
0.40094
0.38748
0.36953
0.35163
0.33290
0.31191
0.29955
0.28563
0.27622
0.26515
0.26377
0.26310
0.26297
0.27701
0.27438
0.27721
0.28259
0.29047
0.30498
0.33023
0.35882
0.37994
0.40594
0.42975
0.44448
0.46846
0.48684
0.49841
0.51465
0.52908
0.54107
0.54675
0.55115
0.55521
0.55775
0.56058
0.56005
0.55705
0.55466
0.55112
0.54915
0.54606
0.53894
0.53563
0.53378
0.53112
0.52462
0.52081
0.51774
0.51174
0.50744
0.50546
0.49907
0.49028
0.48729
0.48572
0.48682
0.48318
0.47946
0.48430
0.48633
0.48841
0.48897
0.48999
0.48926
0.48793
0.49365
0.49605
0.49967
0.49892
0.50042
0.50462
0.51055
0.51546
0.51793
0.51808
0.51752
0.51605
0.51627
0.51747
0.51603
0.51760
0.51732
0.51053
0.50468
0.49383
0.48727
0.47564
0.46275
0.44556
0.42635
0.40523
0.38732
0.37277
0.35352
0.33706
0.31571
0.30043
0.28825
0.27659
0.26887
0.26174
0.26072
0.26370
0.26099
0.27715
0.27223
0.27463
0.27950
0.28522
0.29575
0.31664
0.34212
0.36836
0.38932
0.41211
0.43148
0.45390
0.47344
0.48827
0.50695
0.52227
0.53424
0.54000
0.54293
0.54804
0.55275
0.55091
0.55205
0.54816
0.54502
0.54085
0.53686
0.53415
0.52817
0.52768
0.52600
0.52694
0.52140
0.51538
0.50830
0.50750
0.50528
0.50551
0.49997
0.49069
0.48648
0.48283
0.48257
0.47868
0.47622
0.47648
0.47640
0.47634
0.47946
0.48114
0.48154
0.48054
0.48511
0.48696
0.49322
0.49311
0.49593
0.49830
0.50099
0.50412
0.50759
0.50754
0.50974
0.50763
0.50890
0.50937
0.50924
0.50963
0.50763
0.50409
0.49902
0.48618
0.47793
0.46773
0.45255
0.43505
0.41283
0.38993
0.37322
0.35481
0.33082
0.31271
0.29659
0.28626
0.27680
0.26869
0.26103
0.25996
0.25932
0.26130
0.26068
0.27406
0.27263
0.27229
0.27503
0.27856
0.28992
0.30638
0.32445
0.35096
0.37452
0.39503
0.41517
0.43493
0.45900
0.47968
0.49612
0.51215
0.52513
0.53032
0.53648
0.53924
0.54286
0.54413
0.54303
0.54141
0.53894
0.53350
0.53048
0.52723
0.52492
0.52307
0.52509
0.52510
0.52128
0.51721
0.50910
0.50878
0.50332
0.49860
0.49463
0.48831
0.48400
0.47872
0.47913
0.47518
0.47226
0.47280
0.46997
0.46948
0.47230
0.47395
0.47685
0.47958
0.48149
0.48224
0.48940
0.49072
0.49294
0.49741
0.50117
0.50223
0.50474
0.50660
0.50397
0.50337
0.50377
0.50461
0.50322
0.50369
0.50039
0.49702
0.48934
0.48088
0.47020
0.45743
0.44002
0.42223
0.39710
0.37368
0.35205
0.33327
0.30723
0.29181
0.27863
0.27407
0.26766
0.26333
0.25731
0.25791
0.25872
0.25773
0.25850
0.27372
0.27271
0.26954
0.27160
0.27700
0.28512
0.29983
0.31475
0.33394
0.35837
0.37768
0.40082
0.42257
0.44304
0.46727
0.48643
0.49988
0.51255
0.52215
0.52834
0.53205
0.53371
0.53889
0.53423
0.52986
0.53010
0.52777
0.52629
0.52390
0.52402
0.52568
0.52422
0.51969
0.52091
0.51780
0.51038
0.50538
0.50322
0.49961
0.49469
0.48850
0.48422
0.48170
0.48178
0.47876
0.47911
0.47616
0.47282
0.46939
0.47087
0.47172
0.47136
0.47692
0.47866
0.47958
0.48522
0.48870
0.49290
0.49625
0.50246
0.50525
0.50652
0.50798
0.50333
0.50198
0.50160
0.50258
0.49965
0.49807
0.49366
0.49095
0.48055
0.47353
0.46216
0.44777
0.43159
0.40724
0.38011
0.35815
0.33307
0.31452
0.29207
0.27685
0.26759
0.26555
0.26235
0.25833
0.25573
0.25447
0.25799
0.25633
0.25548
0.27378
0.27168
0.26805
0.26783
0.27215
0.28082
0.29346
0.30881
0.32342
0.34380
0.36447
0.38477
0.41063
0.43084
0.45277
0.47446
0.48880
0.50028
0.51221
0.51894
0.52616
0.53001
0.53610
0.53323
0.52804
0.52624
0.52047
0.51539
0.51580
0.51644
0.51874
0.51492
0.51008
0.51229
0.50859
0.50316
0.49699
0.49607
0.49662
0.49155
0.48774
0.48223
0.48024
0.48212
0.47868
0.48043
0.47663
0.47510
0.46855
0.46971
0.47242
0.46966
0.47375
0.47346
0.47458
0.48355
0.48834
0.48911
0.49316
0.49763
0.50086
0.50393
0.50318
0.50101
0.50026
0.50078
0.49812
0.50006
0.49585
0.48810
0.48398
0.47435
0.46612
0.45450
0.43777
0.41819
0.39143
0.36456
0.33886
0.31678
0.29949
0.27939
0.26561
0.26187
0.26430
0.25932
0.25208
0.25636
0.25293
0.25631
0.25460
0.25399
0.27288
0.27116
0.26856
0.26820
0.26876
0.27629
0.28564
0.30098
0.31634
0.33262
0.35039
0.37029
0.39867
0.41793
0.43923
0.46213
0.47748
0.48911
0.49860
0.50986
0.51858
0.52329
0.53009
0.52789
0.52345
0.52367
0.52002
0.50913
0.50746
0.50523
0.50315
0.50418
0.49928
0.49845
0.49806
0.49519
0.48951
0.48963
0.49131
0.48658
0.48312
0.48179
0.47930
0.48053
0.47764
0.47411
0.47330
0.47038
0.46672
0.46533
0.47006
0.47047
0.47662
0.47532
0.47726
0.48375
0.48268
0.48282
0.48481
0.48872
0.49255
0.49590
0.49496
0.49549
0.49736
0.49895
0.49531
0.49358
0.49151
0.48273
0.47698
0.47047
0.46009
0.44536
0.42970
0.40377
0.37580
0.34754
0.32277
0.30295
0.28353
0.26789
0.25898
0.25895
0.25956
0.25612
0.24975
0.25496
0.25358
0.25615
0.25460
0.25374
0.27258
0.26943
0.26868
0.26959
0.26887
0.27163
0.27619
0.29339
0.30965
0.32450
0.34253
0.36058
0.38930
0.40692
0.42544
0.44840
0.46538
0.47810
0.48936
0.49902
0.50808
0.51513
0.51915
0.51796
0.51756
0.51760
0.51499
0.50818
0.50317
0.50021
0.49246
0.49224
0.48760
0.48678
0.48597
0.48791
0.48714
0.48258
0.48432
0.48220
0.47521
0.47123
0.47011
0.46929
0.46431
0.46098
0.46501
0.46155
0.46210
0.46479
0.46612
0.46658
0.47231
0.47163
0.47314
0.47707
0.47320
0.47576
0.47620
0.47870
0.48368
0.48687
0.48699
0.49146
0.49489
0.49534
0.48866
0.48739
0.48437
0.47827
0.47238
0.46711
0.45323
0.43647
0.41929
0.38998
0.36293
0.33387
0.30875
0.29019
0.27192
0.26178
0.25662
0.25337
0.25446
0.25187
0.24775
0.25089
0.25693
0.25376
0.25457
0.25285
0.27139
0.26863
0.26778
0.27019
0.26795
0.26891
0.27137
0.28791
0.30214
0.31638
0.33481
0.35575
0.37971
0.39633
0.41337
0.43556
0.45549
0.46874
0.47990
0.49191
0.49963
0.50565
0.50949
0.51020
0.51270
0.51195
0.50951
0.51085
0.50745
0.50552
0.49693
0.49225
0.48746
0.48550
0.48472
0.48273
0.48328
0.47970
0.47697
0.47179
0.46806
0.46383
0.45891
0.45402
0.45219
0.44618
0.45002
0.45158
0.45159
0.45465
0.45468
0.45962
0.46226
0.46436
0.46562
0.46964
0.46803
0.46957
0.46969
0.47142
0.47939
0.48263
0.48470
0.49027
0.49302
0.49026
0.48506
0.48329
0.48143
0.47670
0.46709
0.45958
0.44543
0.42723
0.40541
0.37766
0.34956
0.31947
0.29640
0.28149
0.26509
0.25597
0.25422
0.25054
0.24985
0.24747
0.24689
0.25001
0.25649
0.25333
0.25420
0.25290
0.27077
0.26829
0.26717
0.26688
0.26769
0.26553
0.27377
0.28131
0.29425
0.30873
0.32744
0.34925
0.37054
0.38714
0.40178
0.42285
0.44540
0.45959
0.47292
0.48595
0.49464
0.49786
0.50293
0.50512
0.50832
0.50732
0.50617
0.50885
0.50946
0.50986
0.50212
0.49598
0.49463
0.49193
0.49157
0.48610
0.48413
0.48192
0.47453
0.47021
0.46540
0.46153
0.45622
0.45322
0.45150
0.44841
0.45156
0.44864
0.44536
0.44708
0.44655
0.44708
0.45085
0.45744
0.45896
0.46411
0.46378
0.47005
0.47112
0.47347
0.47857
0.48389
0.48752
0.49011
0.49002
0.48579
0.48065
0.47940
0.47594
0.46980
0.46136
0.45207
0.43606
0.41971
0.39276
0.36559
0.33397
0.30678
0.28620
0.27432
0.26003
0.25218
0.24922
0.24810
0.24661
0.24503
0.24569
0.25063
0.25277
0.25451
0.25234
0.25450
0.27112
0.26995
0.26792
0.26642
0.26508
0.26842
0.27231
0.27610
0.28740
0.30126
0.31925
0.34261
0.35918
0.37824
0.39097
0.41387
0.43610
0.45426
0.46779
0.48008
0.49059
0.49589
0.50149
0.50678
0.50876
0.51209
0.50923
0.51078
0.51120
0.51261
0.50921
0.50551
0.50172
0.49726
0.49376
0.49117
0.48700
0.48365
0.47440
0.46843
0.46539
0.46042
0.45600
0.45190
0.44935
0.44825
0.44852
0.44414
0.44180
0.44127
0.44086
0.43982
0.44316
0.45076
0.45456
0.46121
0.46398
0.47065
0.47462
0.47735
0.48325
0.48738
0.48804
0.48582
0.48516
0.48185
0.47852
0.47541
0.46865
0.46412
0.45471
0.44272
0.42920
0.40921
0.38053
0.35361
0.31958
0.29760
0.28079
0.26830
0.25524
0.24896
0.24479
0.24720
0.24557
0.24434
0.24560
0.25064
0.25249
0.25506
0.25260
0.25414
0.26989
0.27033
0.26701
0.26468
0.26606
0.26941
0.26694
0.27221
0.28078
0.29251
0.30890
0.33260
0.35013
0.36771
0.38251
0.40544
0.42526
0.44887
0.46268
0.47387
0.48334
0.49260
0.49853
0.50924
0.51250
0.51328
0.51335
0.51551
0.51544
0.51583
0.51432
0.51470
0.51109
0.50706
0.50635
0.50189
0.49677
0.49417
0.48861
0.48240
0.47642
0.46898
0.46519
0.46233
0.45410
0.45070
0.44758
0.44545
0.44445
0.44541
0.44449
0.44793
0.45477
0.45864
0.46415
0.46911
0.47024
0.47307
0.47741
0.48150
0.48591
0.48648
0.48556
0.48425
0.48320
0.48090
0.47690
0.47426
0.46552
0.45650
0.44860
0.43444
0.42016
0.39819
0.36969
0.33706
0.30736
0.28909
0.27425
0.26387
0.24949
0.24520
0.24319
0.24336
0.24235
0.24620
0.24635
0.24998
0.25230
0.25517
0.25220
0.25483
0.26739
0.26695
0.26468
0.26725
0.26754
0.26716
0.26364
0.26831
0.27521
0.28704
0.30016
0.32510
0.34222
0.35832
0.37487
0.39541
0.41699
0.43723
0.45621
0.46973
0.47682
0.48838
0.49502
0.50693
0.51295
0.51237
0.51564
0.52227
0.52058
0.51977
0.51830
0.51956
0.51539
0.51397
0.51028
0.50621
0.50132
0.50030
0.49410
0.49061
0.48469
0.48160
0.47870
0.47295
0.47039
0.46903
0.46369
0.46199
0.45863
0.46143
0.46180
0.46397
0.46868
0.47419
0.47542
0.47883
0.48040
0.48000
0.48418
0.48700
0.48612
0.48615
0.48369
0.48365
0.47944
0.47746
0.47104
0.46766
0.45890
0.44895
0.43883
0.42522
0.41054
0.38558
0.35694
0.32337
0.29698
0.28308
0.26793
0.25851
0.24640
0.24308
0.23988
0.23933
0.24039
0.24447
0.24848
0.24852
0.25094
0.25460
0.25009
0.25400
0.26627
0.26579
0.26495
0.26957
0.26877
0.26619
0.26258
0.26523
0.27066
0.28118
0.29602
0.31776
0.33274
0.35122
0.36848
0.38764
0.40863
0.43057
0.45032
0.46262
0.47521
0.48310
0.49262
0.50179
0.50663
0.51000
0.51207
0.51934
0.52092
0.52201
0.52093
0.52063
0.51877
0.51656
0.51429
0.51064
0.50873
0.50632
0.50332
0.49789
0.49251
0.48838
0.48326
0.47768
0.47612
0.47580
0.47355
0.47087
0.46977
0.47173
0.47421
0.47284
0.47954
0.48405
0.48356
0.48674
0.48743
0.48838
0.48727
0.48871
0.48624
0.48681
0.48378
0.48040
0.47570
0.47155
0.46587
0.45972
0.45245
0.44194
0.43011
0.41483
0.39932
0.37384
0.34149
0.31008
0.28973
0.27719
0.26275
0.25251
0.24482
0.23995
0.23845
0.23570
0.23792
0.24423
0.24745
0.24826
0.25090
0.25216
0.24986
0.25125
0.26618
0.26639
0.26903
0.27226
0.26915
0.26533
0.25970
0.26269
0.27119
0.27604
0.29181
0.31270
0.32895
0.34478
0.36450
0.38047
0.40260
0.42393
0.44229
0.45237
0.46869
0.47707
0.48835
0.49613
0.50158
0.50473
0.51102
0.51445
0.51614
0.51892
0.51969
0.52040
0.51998
0.51674
0.51497
0.51185
0.50939
0.50749
0.50467
0.49888
0.49522
0.49154
0.48683
0.47971
0.47828
0.47511
0.47367
0.47387
0.47329
0.47256
0.47677
0.47659
0.48038
0.48758
0.48595
0.48899
0.48906
0.48881
0.48896
0.48751
0.48447
0.48399
0.48008
0.47599
0.46916
0.46504
0.45929
0.45377
0.44202
0.43636
0.41874
0.40256
0.38691
0.36040
0.32976
0.29888
0.28293
0.27123
0.26024
0.24810
0.24163
0.23860
0.23722
0.23582
0.23717
0.24350
0.24479
0.24815
0.24932
0.25256
0.24908
0.25001
0.26813
0.27043
0.27451
0.27533
0.26977
0.26600
0.26010
0.26337
0.27239
0.27161
0.28936
0.30947
0.32687
0.34232
0.36072
0.37879
0.39298
0.41591
0.43506
0.44069
0.45900
0.47127
0.47861
0.48645
0.49439
0.49700
0.50491
0.51072
0.50930
0.51313
0.51680
0.51514
0.51613
0.51663
0.51404
0.51073
0.50919
0.50647
0.50176
0.49768
0.49368
0.49144
0.48757
0.48069
0.47988
0.47560
0.47495
0.47516
0.47471
0.47625
0.47762
0.47943
0.48016
0.48523
0.48639
0.48824
0.48890
0.48813
0.48714
0.48429
0.48262
0.47760
0.47344
0.46871
0.46120
0.45730
0.45320
0.44609
0.43431
0.42561
0.40894
0.39316
0.37510
0.34745
0.31828
0.29036
0.27661
0.26864
0.25927
0.24604
0.23913
0.23923
0.23795
0.23665
0.23784
0.24213
0.24503
0.24613
0.24893
0.25216
0.25006
0.25085
0.27227
0.27566
0.27636
0.27527
0.27287
0.26488
0.26075
0.26334
0.27461
0.27295
0.28619
0.30743
0.32616
0.34242
0.36049
0.37529
0.39001
0.40684
0.42690
0.43330
0.44700
0.46419
0.47104
0.47617
0.48550
0.48741
0.49538
0.50276
0.50562
0.50824
0.51203
0.51047
0.51267
0.51563
0.51303
0.50987
0.50770
0.50632
0.50307
0.49768
0.49371
0.49216
0.48722
0.48414
0.48036
0.47536
0.47723
0.47796
0.47652
0.47975
0.48050
0.48131
0.48138
0.48380
0.48620
0.48806
0.48743
0.48744
0.48317
0.48160
0.47767
0.47114
0.46600
0.46151
0.45648
0.45119
0.44666
0.43777
0.42661
0.41253
0.40031
0.38461
0.36540
0.33849
0.31244
0.28363
0.27195
0.26680
0.25586
0.24615
0.23844
0.23816
0.24069
0.24057
0.23735
0.24072
0.24539
0.24524
0.24815
0.25024
0.25066
0.24896
0.27941
0.27913
0.28047
0.27937
0.27688
0.26581
0.26403
0.26954
0.27329
0.27530
0.28529
0.30760
0.32631
0.34156
0.35863
0.37404
0.38517
0.39773
0.41781
0.42982
0.43730
0.45544
0.46299
0.46904
0.47536
0.48297
0.48895
0.49501
0.50038
0.50423
0.50837
0.50898
0.51257
0.51512
0.51530
0.51156
0.50905
0.50825
0.50485
0.50063
0.49637
0.49481
0.48952
0.48857
0.48421
0.48279
0.48221
0.48536
0.48014
0.48480
0.48399
0.48477
0.48454
0.48378
0.48698
0.48727
0.48664
0.48516
0.47996
0.47810
0.47113
0.46579
0.45976
0.45580
0.45331
0.44601
0.43844
0.43108
0.41623
0.40405
0.39072
0.37564
0.35429
0.33288
0.30709
0.28211
0.27087
0.26471
0.25441
0.24679
0.24081
0.24009
0.24266
0.24498
0.24331
0.24408
0.24475
0.24800
0.25026
0.25047
0.25018
0.25074
0.28064
0.28164
0.28261
0.28066
0.27656
0.26726
0.26859
0.27380
0.27484
0.28061
0.28793
0.30978
0.32601
0.34284
0.36079
0.37085
0.37812
0.39159
0.40761
0.42286
0.43237
0.44631
0.45501
0.46142
0.46854
0.47691
0.48169
0.48778
0.49467
0.50005
0.50621
0.50874
0.51237
0.51614
0.51460
0.51579
0.51410
0.51083
0.50558
0.50622
0.50196
0.49922
0.49444
0.49314
0.49174
0.48944
0.48801
0.48986
0.48636
0.48898
0.49046
0.48936
0.48869
0.48807
0.48786
0.48795
0.48474
0.48289
0.47701
0.47487
0.46723
0.46413
0.45517
0.45191
0.44845
0.43889
0.43075
0.42251
0.40712
0.39725
0.38231
0.36883
0.34752
0.32648
0.30435
0.28159
0.27172
0.26229
0.25284
0.24775
0.24094
0.24108
0.24272
0.24691
0.24652
0.24678
0.24624
0.24846
0.25229
0.25359
0.25387
0.25408
0.28610
0.28705
0.28826
0.28432
0.28111
0.27318
0.27559
0.28109
0.28325
0.28746
0.29139
0.31043
0.32870
0.34413
0.35837
0.36690
0.37610
0.38476
0.40140
0.41574
0.42966
0.43899
0.44733
0.45239
0.46215
0.46854
0.47601
0.48353
0.49103
0.49743
0.50542
0.50898
0.51333
0.51764
0.51883
0.52107
0.52158
0.51576
0.51364
0.51359
0.51077
0.50713
0.50380
0.50150
0.49825
0.49692
0.49470
0.49471
0.49280
0.49484
0.49375
0.49513
0.49389
0.49185
0.48923
0.48846
0.48271
0.47885
0.47393
0.46887
0.46570
0.45950
0.45128
0.44650
0.44172
0.43026
0.42215
0.41153
0.39941
0.38964
0.37756
0.36294
0.34428
0.32258
0.30130
0.28428
0.26998
0.26297
0.25375
0.24825
0.24275
0.24476
0.24131
0.24648
0.24811
0.24991
0.24511
0.24751
0.25064
0.25199
0.25279
0.25325
0.28997
0.28912
0.28786
0.28692
0.28182
0.28276
0.28395
0.28558
0.28840
0.29276
0.30087
0.31820
0.33042
0.34799
0.35708
0.36643
0.37245
0.38230
0.39750
0.40977
0.42543
0.43638
0.43958
0.44562
0.45369
0.46101
0.46966
0.47899
0.48702
0.49538
0.50064
0.50831
0.51522
0.51889
0.52336
0.52186
0.52537
0.52125
0.52080
0.51931
0.51679
0.51189
0.51271
0.50823
0.50736
0.50381
0.50159
0.50134
0.49875
0.50077
0.49743
0.49605
0.49414
0.49154
0.48917
0.48500
0.48166
0.47630
0.47096
0.46463
0.45853
0.45432
0.44575
0.43956
0.43420
0.42253
0.41250
0.40283
0.39443
0.38063
0.37742
0.35441
0.33998
0.32093
0.29826
0.28474
0.27000
0.26307
0.25518
0.24640
0.24472
0.24527
0.24136
0.24433
0.24836
0.25099
0.24593
0.24479
0.24983
0.24895
0.24950
0.25321
0.29124
0.29019
0.28927
0.28720
0.28389
0.29191
0.28774
0.28934
0.29324
0.30010
0.31432
0.32476
0.33991
0.35075
0.35890
0.36845
0.37162
0.38205
0.39448
0.40620
0.42117
0.43257
0.43422
0.43850
0.44801
0.45165
0.46246
0.47036
0.48027
0.48709
0.49586
0.50621
0.51313
0.51943
0.52378
0.52299
0.52673
0.52489
0.52530
0.52430
0.52239
0.51840
0.51813
0.51283
0.51273
0.51043
0.50964
0.50688
0.50401
0.50351
0.50105
0.49691
0.49480
0.49081
0.48554
0.48395
0.47921
0.47290
0.46478
0.45781
0.45410
0.44538
0.43940
0.43077
0.42432
0.41589
0.40426
0.39255
0.38673
0.38051
0.37322
0.35323
0.33371
0.31998
0.30108
0.28359
0.27031
0.26615
0.25430
0.24756
0.24631
0.24668
0.24193
0.24075
0.24838
0.25153
0.24839
0.24582
0.24909
0.24630
0.24850
0.25175
0.29131
0.29177
0.29173
0.29087
0.29200
0.29835
0.29233
0.29662
0.30097
0.31271
0.32425
0.33576
0.34864
0.35555
0.36373
0.36937
0.37303
0.38302
0.39298
0.40233
0.41791
0.42341
0.42852
0.43246
0.44005
0.44319
0.45158
0.45861
0.46940
0.47690
0.48618
0.49892
0.50507
0.51348
0.51739
0.51905
0.52326
0.52349
0.52361
0.52396
0.52313
0.51880
0.52180
0.51904
0.51708
0.51398
0.51135
0.50719
0.50652
0.50381
0.50004
0.49619
0.49270
0.48730
0.48289
0.47795
0.47336
0.46789
0.45747
0.45140
0.44572
0.43781
0.42857
0.42238
0.41339
0.40443
0.39728
0.38629
0.38149
0.37804
0.37065
0.35223
0.33357
0.31470
0.30041
0.28845
0.27164
0.26675
0.25768
0.24917
0.24937
0.24684
0.24316
0.23922
0.24609
0.24997
0.24801
0.25035
0.24891
0.24658
0.24550
0.24962
0.29538
0.29488
0.29691
0.29844
0.30444
0.30460
0.29945
0.30291
0.30590
0.32395
0.33050
0.34622
0.35658
0.36636
0.36887
0.37355
0.37210
0.38584
0.39472
0.40291
0.41213
0.41688
0.42087
0.42650
0.43161
0.43344
0.43959
0.44432
0.45310
0.46301
0.47421
0.48399
0.49233
0.49925
0.50792
0.51224
0.51362
0.51698
0.51732
0.51656
0.51806
0.51590
0.51805
0.51707
0.51665
0.51123
0.50722
0.50471
0.50340
0.49849
0.49414
0.49079
0.48791
0.48067
0.47681
0.46910
0.46519
0.45798
0.44932
0.44202
0.43303
0.42468
0.41618
0.40922
0.40107
0.39436
0.38965
0.38350
0.37895
0.37623
0.36958
0.35103
0.33215
0.31280
0.29930
0.29073
0.27733
0.26687
0.25875
0.25642
0.25406
0.24835
0.24720
0.24015
0.24372
0.24774
0.25105
0.25076
0.25238
0.25016
0.24785
0.24945
0.29981
0.29851
0.30196
0.30661
0.31130
0.30697
0.30302
0.30812
0.31681
0.33032
0.34017
0.35117
0.36696
0.37625
0.38035
0.37962
0.37643
0.38991
0.39961
0.40220
0.40938
0.41242
0.41397
0.41813
0.42294
0.42383
0.42594
0.43019
0.43466
0.44514
0.45629
0.46461
0.47184
0.48385
0.49076
0.49645
0.49935
0.50314
0.50622
0.50574
0.50697
0.50641
0.50602
0.50637
0.50554
0.50127
0.49929
0.49498
0.49228
0.48897
0.48368
0.48126
0.47668
0.46801
0.46277
0.45801
0.45148
0.44376
0.43647
0.42850
0.41873
0.41119
0.40314
0.39492
0.39195
0.38494
0.38375
0.38268
0.37940
0.37399
0.36803
0.34924
0.33126
0.31142
0.29730
0.29140
0.28213
0.26959
0.26090
0.25947
0.25891
0.25323
0.25323
0.24812
0.24640
0.24935
0.25452
0.25452
0.25454
0.25459
0.25231
0.25436
0.30563
0.30638
0.31021
0.30988
0.31725
0.31208
0.31006
0.31826
0.32901
0.33870
0.34556
0.35917
0.37689
0.38958
0.39074
0.38518
0.38506
0.39661
0.40003
0.39931
0.40736
0.41126
0.40934
0.41151
0.41276
0.41385
0.41385
0.41412
0.41918
0.42487
0.43418
0.44035
0.45057
0.46073
0.46887
0.47367
0.47885
0.48185
0.48702
0.48956
0.48885
0.49062
0.48933
0.48892
0.48802
0.48464
0.48376
0.48072
0.47400
0.47291
0.46800
0.46463
0.46040
0.45384
0.44889
0.44038
0.43644
0.42799
0.42049
0.41098
0.40402
0.39721
0.39138
0.38637
0.38222
0.37925
0.37973
0.38106
0.37792
0.37263
0.36961
0.34811
0.33242
0.31562
0.29778
0.29373
0.28575
0.27360
0.26711
0.26131
0.26213
0.25926
0.25838
0.25694
0.25421
0.25472
0.25843
0.25978
0.25817
0.25944
0.25617
0.25958
0.31383
0.31479
0.31434
0.31783
0.32316
0.32332
0.32201
0.33066
0.33761
0.34850
0.35390
0.37208
0.38453
0.39560
0.40315
0.39569
0.39471
0.40602
0.40403
0.40098
0.40453
0.41183
0.40995
0.40674
0.40587
0.40285
0.40301
0.40114
0.40268
0.40578
0.41284
0.41617
0.42470
0.43391
0.44380
0.44906
0.45530
0.45804
0.46239
0.46604
0.46670
0.46776
0.46776
0.46907
0.46476
0.46208
0.46260
0.45923
0.45472
0.44970
0.44671
0.44331
0.43802
0.43425
0.42695
0.42057
0.41679
0.40686
0.40160
0.39190
0.38903
0.38574
0.38093
0.37974
0.37613
0.37632
0.37912
0.38104
0.37699
0.37562
0.37139
0.34851
0.33650
0.32075
0.29816
0.29383
0.28784
0.28122
0.27208
0.26955
0.26675
0.26628
0.26379
0.26104
0.26033
0.25761
0.26101
0.26389
0.26189
0.26142
0.26201
0.26224
0.32333
0.32334
0.32430
0.32899
0.33626
0.33562
0.33065
0.33984
0.35031
0.35977
0.36412
0.38346
0.39297
0.40011
0.41282
0.40331
0.40889
0.41402
0.41153
0.40852
0.40740
0.40736
0.41025
0.40648
0.40100
0.39588
0.39400
0.38834
0.38836
0.38897
0.39314
0.39473
0.39966
0.40562
0.41432
0.42127
0.42701
0.43022
0.43648
0.43818
0.43968
0.43987
0.44275
0.44130
0.43960
0.43516
0.43534
0.43297
0.42977
0.42351
0.42143
0.42005
0.41277
0.40996
0.40216
0.39823
0.39439
0.38806
0.38001
0.37491
0.37707
0.37515
0.37440
0.37221
0.37147
0.37820
0.37959
0.38236
0.38010
0.37908
0.37065
0.35380
0.33712
0.32451
0.30401
0.29806
0.28788
0.28431
0.28288
0.27561
0.27365
0.26949
0.27097
0.26395
0.26355
0.26335
0.26273
0.26467
0.26383
0.26345
0.26400
0.26499
0.33655
0.33803
0.34117
0.34579
0.35447
0.34893
0.34344
0.35611
0.36818
0.37612
0.37730
0.38673
0.40114
0.40451
0.41502
0.41477
0.42143
0.42412
0.41969
0.42120
0.41602
0.40889
0.40946
0.40761
0.39911
0.38954
0.38588
0.37984
0.37580
0.37350
0.37670
0.37536
0.37921
0.37826
0.38463
0.39158
0.39579
0.40174
0.40808
0.40744
0.41053
0.40869
0.41175
0.41153
0.41150
0.40758
0.40573
0.40489
0.39955
0.39666
0.39418
0.39118
0.38626
0.38361
0.38028
0.37512
0.37317
0.36601
0.36123
0.36312
0.36648
0.36788
0.36857
0.37132
0.37336
0.38035
0.38196
0.38600
0.38370
0.38001
0.36804
0.35522
0.33971
0.32727
0.30984
0.30515
0.29401
0.28758
0.29073
0.28650
0.28100
0.27537
0.27404
0.27078
0.27079
0.26660
0.26733
0.26934
0.26832
0.26766
0.26986
0.27151
0.35108
0.34954
0.35397
0.35705
0.36375
0.36307
0.35791
0.37168
0.38563
0.39470
0.38875
0.38805
0.40540
0.41013
0.42195
0.42692
0.43273
0.43500
0.43191
0.42997
0.42507
0.41710
0.41198
0.40574
0.40273
0.38949
0.38004
0.37187
0.36794
0.36240
0.36225
0.36115
0.35877
0.35891
0.36210
0.36439
0.36859
0.37174
0.37437
0.37588
0.38017
0.37681
0.37919
0.38172
0.38095
0.37654
0.37407
0.37298
0.37024
0.36815
0.36628
0.36335
0.36077
0.35957
0.35796
0.35557
0.35189
0.35108
0.35033
0.35717
0.36082
0.36249
0.36532
0.37324
0.37637
0.38345
0.38567
0.38784
0.38682
0.38139
0.37090
0.35405
0.34191
0.32654
0.31800
0.30790
0.30257
0.29667
0.29505
0.29799
0.29188
0.28440
0.27736
0.28180
0.28256
0.27464
0.27188
0.27338
0.27275
0.27381
0.27418
0.28050
0.36029
0.35988
0.36702
0.37018
0.37265
0.37316
0.37097
0.38160
0.39826
0.40909
0.39295
0.39569
0.41069
0.41519
0.43096
0.43562
0.43955
0.44463
0.44162
0.43639
0.43687
0.42653
0.41839
0.41130
0.40420
0.39378
0.38093
0.36791
0.36097
0.35546
0.35365
0.34896
0.34606
0.34296
0.34201
0.34201
0.34459
0.34626
0.34538
0.34623
0.34790
0.35021
0.34903
0.35120
0.35141
0.34790
0.34517
0.34361
0.34313
0.34242
0.34198
0.33715
0.33900
0.33906
0.33813
0.33753
0.33681
0.34242
0.34751
0.35275
0.35737
0.36170
0.36711
0.37284
0.37995
0.38550
0.38920
0.38853
0.39018
0.38340
0.37703
0.36011
0.34319
0.32377
0.32495
0.31496
0.30794
0.30626
0.30232
0.30954
0.30475
0.29496
0.28719
0.28861
0.28632
0.28158
0.27621
0.27468
0.27642
0.27732
0.27792
0.28370
0.37161
0.37265
0.38051
0.38281
0.39231
0.38873
0.38743
0.39737
0.40924
0.41382
0.39724
0.40765
0.42281
0.42636
0.43883
0.44247
0.44616
0.45475
0.45261
0.44680
0.44541
0.43699
0.42827
0.41914
0.41030
0.39824
0.38773
0.37161
0.36252
0.35400
0.34950
0.34319
0.33831
0.33427
0.33001
0.32622
0.32583
0.32425
0.32280
0.32215
0.32202
0.32436
0.32294
0.32206
0.32192
0.31957
0.31957
0.31989
0.31923
0.32154
0.32098
0.31608
0.32136
0.32066
0.32050
0.32616
0.33237
0.34034
0.34607
0.35209
0.35806
0.36571
0.37219
0.37638
0.38366
0.38893
0.39200
0.38928
0.39538
0.38523
0.37977
0.36461
0.34241
0.32620
0.33118
0.32307
0.31274
0.31656
0.31578
0.31626
0.31888
0.30585
0.29730
0.29429
0.29443
0.29116
0.28663
0.27979
0.28212
0.28378
0.28254
0.28250
0.38573
0.38763
0.39680
0.39951
0.40531
0.40302
0.40390
0.41143
0.41896
0.42530
0.40931
0.42317
0.43568
0.44507
0.44516
0.44966
0.45256
0.46077
0.45729
0.45551
0.45493
0.44939
0.44055
0.42684
0.41651
0.40658
0.39692
0.38236
0.37137
0.35928
0.34905
0.34462
0.33748
0.32874
0.32294
0.31886
0.31386
0.31076
0.30773
0.30506
0.30409
0.30423
0.30194
0.30056
0.30088
0.29913
0.29930
0.30078
0.30072
0.30225
0.30293
0.30483
0.30712
0.31280
0.32155
0.32800
0.33552
0.34229
0.35188
0.35860
0.36489
0.37237
0.37862
0.38415
0.38852
0.39332
0.39533
0.38923
0.39658
0.38911
0.37678
0.36457
0.34528
0.33295
0.33650
0.32936
0.32120
0.32774
0.32880
0.32398
0.32973
0.32139
0.30970
0.30134
0.30393
0.30368
0.29552
0.29144
0.29101
0.29099
0.28907
0.28946
0.39415
0.40328
0.41072
0.40960
0.41023
0.41549
0.40960
0.42013
0.43060
0.43654
0.42684
0.43829
0.44497
0.45626
0.45482
0.45784
0.45664
0.46297
0.46060
0.45570
0.46076
0.45860
0.44912
0.43945
0.42482
0.41559
0.40531
0.39264
0.38150
0.36828
0.35717
0.34913
0.34251
0.33079
0.32169
0.31647
0.31049
0.30507
0.30168
0.29826
0.29709
0.29463
0.29207
0.29125
0.29163
0.29146
0.28911
0.29307
0.29211
0.29453
0.30024
0.30408
0.31209
0.31909
0.32691
0.33437
0.34146
0.35001
0.35885
0.36557
0.37292
0.38028
0.38753
0.38836
0.39525
0.39580
0.39603
0.39131
0.39756
0.39025
0.37294
0.36687
0.34842
0.34355
0.34362
0.33567
0.33167
0.33796
0.33628
0.33556
0.33989
0.33109
0.32197
0.31879
0.31148
0.31252
0.30617
0.29604
0.29984
0.30145
0.29751
0.29501
